H 104 105 106 107 108 109 110 111 112 113 114 115 116 117 118 119 120 121 122 123 124 125 126 127 128 129 130 131 132 133 134 135 136 137 138 139 140 141 142 143 144 145 146 147 148 149 150 151 152 153
CX 104 0 104 2 104 1 104 3 105 4 105 6 105 5 105 7 106 8 106 10 106 9 106 11 107 12 107 14 107 13 107 15 108 16 108 18 108 17 108 19 109 20 109 22 109 21 109 23 110 24 110 26 110 25 110 27 111 28 111 30 111 29 111 31 112 32 112 34 112 33 112 35 113 36 113 38 113 37 113 39 114 40 114 42 114 41 114 43 115 44 115 46 115 45 115 47 116 48 116 50 116 49 116 51 117 52 117 54 117 53 117 55 118 56 118 58 118 57 118 59 119 60 119 62 119 61 119 63 120 64 120 66 120 65 120 67 121 68 121 70 121 69 121 71 122 72 122 74 122 73 122 75 123 76 123 78 123 77 123 79 124 80 124 82 124 81 124 83 125 84 125 86 125 85 125 87 126 88 126 90 126 89 126 91 127 92 127 94 127 93 127 95 128 96 128 98 128 97 128 99 129 100 129 102 129 101 129 103 130 0 130 12 130 20 130 24 130 1 130 13 130 22 130 26 131 0 131 12 131 20 131 40 131 80 131 2 131 13 131 21 131 42 131 81 132 4 132 12 132 24 132 40 132 80 132 84 132 5 132 13 132 25 132 41 132 81 132 85 133 28 133 44 133 56 133 80 133 84 133 88 133 29 133 45 133 57 133 81 133 85 133 89 134 32 134 48 134 60 134 84 134 88 134 33 134 49 134 61 134 85 134 89 135 36 135 52 135 64 135 88 135 37 135 53 135 65 135 89 136 20 136 24 136 28 136 80 136 22 136 26 136 30 136 82 137 0 137 12 137 40 137 44 137 80 137 2 137 14 137 42 137 46 137 82 138 4 138 12 138 40 138 56 138 80 138 92 138 5 138 14 138 41 138 58 138 82 138 93 139 4 139 12 139 44 139 56 139 92 139 96 139 6 139 14 139 45 139 57 139 93 139 97 140 48 140 60 140 68 140 92 140 96 140 49 140 61 140 69 140 93 140 97 141 52 141 64 141 72 141 96 141 53 141 65 141 73 141 97 142 24 142 28 142 32 142 84 142 26 142 30 142 34 142 86 143 40 143 44 143 48 143 84 143 92 143 42 143 46 143 50 143 86 143 94 144 4 144 16 144 56 144 60 144 84 144 92 144 5 144 17 144 58 144 62 144 86 144 94 145 4 145 16 145 56 145 68 145 92 145 100 145 6 145 17 145 57 145 70 145 94 145 101 146 8 146 16 146 60 146 68 146 100 146 9 146 17 146 61 146 69 146 101 147 64 147 72 147 76 147 100 147 65 147 73 147 77 147 101 148 28 148 32 148 36 148 88 148 30 148 34 148 38 148 90 149 44 149 48 149 52 149 88 149 96 149 46 149 50 149 54 149 90 149 98 150 56 150 60 150 64 150 88 150 96 150 100 150 58 150 62 150 66 150 90 150 98 150 102 151 4 151 16 151 68 151 72 151 96 151 100 151 6 151 18 151 70 151 74 151 98 151 102 152 8 152 16 152 68 152 76 152 100 152 9 152 18 152 69 152 78 152 102 153 8 153 16 153 72 153 76 153 10 153 18 153 73 153 77
H 104 105 106 107 108 109 110 111 112 113 114 115 116 117 118 119 120 121 122 123 124 125 126 127 128 129 130 131 132 133 134 135 136 137 138 139 140 141 142 143 144 145 146 147 148 149 150 151 152 153
MR 104 105 106 107 108 109 110 111 112 113 114 115 116 117 118 119 120 121 122 123 124 125 126 127 128 129 130 131 132 133 134 135 136 137 138 139 140 141 142 143 144 145 146 147 148 149 150 151 152 153
TICK
H 104 105 106 107 108 109 110 111 112 113 114 115 116 117 118 119 120 121 122 123 124 125 126 127 128 129
DEPOLARIZE1(0.0001) 104 105 106 107 108 109 110 111 112 113 114 115 116 117 118 119 120 121 122 123 124 125 126 127 128 129
CX 104 0 105 4 106 8 107 12 108 16 109 20 110 24 111 28 112 32 113 36 114 40 115 44 116 48 117 52 118 56 119 60 120 64 121 68 122 72 123 76 124 80 125 84 126 88 127 92 128 96 129 100
DEPOLARIZE2(0.001) 104 0 105 4 106 8 107 12 108 16 109 20 110 24 111 28 112 32 113 36 114 40 115 44 116 48 117 52 118 56 119 60 120 64 121 68 122 72 123 76 124 80 125 84 126 88 127 92 128 96 129 100
DEPOLARIZE1(0.0001) 1 2 3 5 6 7 9 10 11 13 14 15 17 18 19 21 22 23 25 26 27 29 30 31 33 34 35 37 38 39 41 42 43 45 46 47 49 50 51 53 54 55 57 58 59 61 62 63 65 66 67 69 70 71 73 74 75 77 78 79 81 82 83 85 86 87 89 90 91 93 94 95 97 98 99 101 102 103
CX 0 154 4 155 8 156 12 157 16 158 20 159 24 160 28 161 32 162 36 163 40 164 44 165 48 166 52 167 56 168 60 169 64 170 68 171 72 172 76 173 80 174 84 175 88 176 92 177 96 178 100 179
DEPOLARIZE2(0.001) 0 154 4 155 8 156 12 157 16 158 20 159 24 160 28 161 32 162 36 163 40 164 44 165 48 166 52 167 56 168 60 169 64 170 68 171 72 172 76 173 80 174 84 175 88 176 92 177 96 178 100 179
DEPOLARIZE1(0.0001) 1 2 3 5 6 7 9 10 11 13 14 15 17 18 19 21 22 23 25 26 27 29 30 31 33 34 35 37 38 39 41 42 43 45 46 47 49 50 51 53 54 55 57 58 59 61 62 63 65 66 67 69 70 71 73 74 75 77 78 79 81 82 83 85 86 87 89 90 91 93 94 95 97 98 99 101 102 103
CX 1 154 5 155 9 156 13 157 17 158 21 159 25 160 29 161 33 162 37 163 41 164 45 165 49 166 53 167 57 168 61 169 65 170 69 171 73 172 77 173 81 174 85 175 89 176 93 177 97 178 101 179
DEPOLARIZE2(0.001) 1 154 5 155 9 156 13 157 17 158 21 159 25 160 29 161 33 162 37 163 41 164 45 165 49 166 53 167 57 168 61 169 65 170 69 171 73 172 77 173 81 174 85 175 89 176 93 177 97 178 101 179
DEPOLARIZE1(0.0001) 0 2 3 4 6 7 8 10 11 12 14 15 16 18 19 20 22 23 24 26 27 28 30 31 32 34 35 36 38 39 40 42 43 44 46 47 48 50 51 52 54 55 56 58 59 60 62 63 64 66 67 68 70 71 72 74 75 76 78 79 80 82 83 84 86 87 88 90 91 92 94 95 96 98 99 100 102 103
CX 104 1 105 5 106 9 107 13 108 17 109 21 110 25 111 29 112 33 113 37 114 41 115 45 116 49 117 53 118 57 119 61 120 65 121 69 122 73 123 77 124 81 125 85 126 89 127 93 128 97 129 101
DEPOLARIZE2(0.001) 104 1 105 5 106 9 107 13 108 17 109 21 110 25 111 29 112 33 113 37 114 41 115 45 116 49 117 53 118 57 119 61 120 65 121 69 122 73 123 77 124 81 125 85 126 89 127 93 128 97 129 101
DEPOLARIZE1(0.0001) 0 2 3 4 6 7 8 10 11 12 14 15 16 18 19 20 22 23 24 26 27 28 30 31 32 34 35 36 38 39 40 42 43 44 46 47 48 50 51 52 54 55 56 58 59 60 62 63 64 66 67 68 70 71 72 74 75 76 78 79 80 82 83 84 86 87 88 90 91 92 94 95 96 98 99 100 102 103
CX 104 2 105 6 106 10 107 14 108 18 109 22 110 26 111 30 112 34 113 38 114 42 115 46 116 50 117 54 118 58 119 62 120 66 121 70 122 74 123 78 124 82 125 86 126 90 127 94 128 98 129 102
DEPOLARIZE2(0.001) 104 2 105 6 106 10 107 14 108 18 109 22 110 26 111 30 112 34 113 38 114 42 115 46 116 50 117 54 118 58 119 62 120 66 121 70 122 74 123 78 124 82 125 86 126 90 127 94 128 98 129 102
DEPOLARIZE1(0.0001) 0 1 3 4 5 7 8 9 11 12 13 15 16 17 19 20 21 23 24 25 27 28 29 31 32 33 35 36 37 39 40 41 43 44 45 47 48 49 51 52 53 55 56 57 59 60 61 63 64 65 67 68 69 71 72 73 75 76 77 79 80 81 83 84 85 87 88 89 91 92 93 95 96 97 99 100 101 103
CX 2 154 6 155 10 156 14 157 18 158 22 159 26 160 30 161 34 162 38 163 42 164 46 165 50 166 54 167 58 168 62 169 66 170 70 171 74 172 78 173 82 174 86 175 90 176 94 177 98 178 102 179
DEPOLARIZE2(0.001) 2 154 6 155 10 156 14 157 18 158 22 159 26 160 30 161 34 162 38 163 42 164 46 165 50 166 54 167 58 168 62 169 66 170 70 171 74 172 78 173 82 174 86 175 90 176 94 177 98 178 102 179
DEPOLARIZE1(0.0001) 0 1 3 4 5 7 8 9 11 12 13 15 16 17 19 20 21 23 24 25 27 28 29 31 32 33 35 36 37 39 40 41 43 44 45 47 48 49 51 52 53 55 56 57 59 60 61 63 64 65 67 68 69 71 72 73 75 76 77 79 80 81 83 84 85 87 88 89 91 92 93 95 96 97 99 100 101 103
CX 3 154 7 155 11 156 15 157 19 158 23 159 27 160 31 161 35 162 39 163 43 164 47 165 51 166 55 167 59 168 63 169 67 170 71 171 75 172 79 173 83 174 87 175 91 176 95 177 99 178 103 179
DEPOLARIZE2(0.001) 3 154 7 155 11 156 15 157 19 158 23 159 27 160 31 161 35 162 39 163 43 164 47 165 51 166 55 167 59 168 63 169 67 170 71 171 75 172 79 173 83 174 87 175 91 176 95 177 99 178 103 179
DEPOLARIZE1(0.0001) 0 1 2 4 5 6 8 9 10 12 13 14 16 17 18 20 21 22 24 25 26 28 29 30 32 33 34 36 37 38 40 41 42 44 45 46 48 49 50 52 53 54 56 57 58 60 61 62 64 65 66 68 69 70 72 73 74 76 77 78 80 81 82 84 85 86 88 89 90 92 93 94 96 97 98 100 101 102
CX 104 3 105 7 106 11 107 15 108 19 109 23 110 27 111 31 112 35 113 39 114 43 115 47 116 51 117 55 118 59 119 63 120 67 121 71 122 75 123 79 124 83 125 87 126 91 127 95 128 99 129 103
DEPOLARIZE2(0.001) 104 3 105 7 106 11 107 15 108 19 109 23 110 27 111 31 112 35 113 39 114 43 115 47 116 51 117 55 118 59 119 63 120 67 121 71 122 75 123 79 124 83 125 87 126 91 127 95 128 99 129 103
DEPOLARIZE1(0.0001) 0 1 2 4 5 6 8 9 10 12 13 14 16 17 18 20 21 22 24 25 26 28 29 30 32 33 34 36 37 38 40 41 42 44 45 46 48 49 50 52 53 54 56 57 58 60 61 62 64 65 66 68 69 70 72 73 74 76 77 78 80 81 82 84 85 86 88 89 90 92 93 94 96 97 98 100 101 102
H 104 105 106 107 108 109 110 111 112 113 114 115 116 117 118 119 120 121 122 123 124 125 126 127 128 129
DEPOLARIZE1(0.0001) 104 105 106 107 108 109 110 111 112 113 114 115 116 117 118 119 120 121 122 123 124 125 126 127 128 129
X_ERROR(0.001) 154 155 156 157 158 159 160 161 162 163 164 165 166 167 168 169 170 171 172 173 174 175 176 177 178 179
MR 154 155 156 157 158 159 160 161 162 163 164 165 166 167 168 169 170 171 172 173 174 175 176 177 178 179
X_ERROR(0.001) 154 155 156 157 158 159 160 161 162 163 164 165 166 167 168 169 170 171 172 173 174 175 176 177 178 179 104 105 106 107 108 109 110 111 112 113 114 115 116 117 118 119 120 121 122 123 124 125 126 127 128 129
MR 104 105 106 107 108 109 110 111 112 113 114 115 116 117 118 119 120 121 122 123 124 125 126 127 128 129
X_ERROR(0.001) 104 105 106 107 108 109 110 111 112 113 114 115 116 117 118 119 120 121 122 123 124 125 126 127 128 129
TICK
H 104 105 106 107 108 109 110 111 112 113 114 115 116 117 118 119 120 121 122 123 124 125 126 127 128 129
DEPOLARIZE1(0.0001) 104 105 106 107 108 109 110 111 112 113 114 115 116 117 118 119 120 121 122 123 124 125 126 127 128 129
CX 104 0 105 4 106 8 107 12 108 16 109 20 110 24 111 28 112 32 113 36 114 40 115 44 116 48 117 52 118 56 119 60 120 64 121 68 122 72 123 76 124 80 125 84 126 88 127 92 128 96 129 100
DEPOLARIZE2(0.001) 104 0 105 4 106 8 107 12 108 16 109 20 110 24 111 28 112 32 113 36 114 40 115 44 116 48 117 52 118 56 119 60 120 64 121 68 122 72 123 76 124 80 125 84 126 88 127 92 128 96 129 100
DEPOLARIZE1(0.0001) 1 2 3 5 6 7 9 10 11 13 14 15 17 18 19 21 22 23 25 26 27 29 30 31 33 34 35 37 38 39 41 42 43 45 46 47 49 50 51 53 54 55 57 58 59 61 62 63 65 66 67 69 70 71 73 74 75 77 78 79 81 82 83 85 86 87 89 90 91 93 94 95 97 98 99 101 102 103
CX 0 154 4 155 8 156 12 157 16 158 20 159 24 160 28 161 32 162 36 163 40 164 44 165 48 166 52 167 56 168 60 169 64 170 68 171 72 172 76 173 80 174 84 175 88 176 92 177 96 178 100 179
DEPOLARIZE2(0.001) 0 154 4 155 8 156 12 157 16 158 20 159 24 160 28 161 32 162 36 163 40 164 44 165 48 166 52 167 56 168 60 169 64 170 68 171 72 172 76 173 80 174 84 175 88 176 92 177 96 178 100 179
DEPOLARIZE1(0.0001) 1 2 3 5 6 7 9 10 11 13 14 15 17 18 19 21 22 23 25 26 27 29 30 31 33 34 35 37 38 39 41 42 43 45 46 47 49 50 51 53 54 55 57 58 59 61 62 63 65 66 67 69 70 71 73 74 75 77 78 79 81 82 83 85 86 87 89 90 91 93 94 95 97 98 99 101 102 103
CX 1 154 5 155 9 156 13 157 17 158 21 159 25 160 29 161 33 162 37 163 41 164 45 165 49 166 53 167 57 168 61 169 65 170 69 171 73 172 77 173 81 174 85 175 89 176 93 177 97 178 101 179
DEPOLARIZE2(0.001) 1 154 5 155 9 156 13 157 17 158 21 159 25 160 29 161 33 162 37 163 41 164 45 165 49 166 53 167 57 168 61 169 65 170 69 171 73 172 77 173 81 174 85 175 89 176 93 177 97 178 101 179
DEPOLARIZE1(0.0001) 0 2 3 4 6 7 8 10 11 12 14 15 16 18 19 20 22 23 24 26 27 28 30 31 32 34 35 36 38 39 40 42 43 44 46 47 48 50 51 52 54 55 56 58 59 60 62 63 64 66 67 68 70 71 72 74 75 76 78 79 80 82 83 84 86 87 88 90 91 92 94 95 96 98 99 100 102 103
CX 104 1 105 5 106 9 107 13 108 17 109 21 110 25 111 29 112 33 113 37 114 41 115 45 116 49 117 53 118 57 119 61 120 65 121 69 122 73 123 77 124 81 125 85 126 89 127 93 128 97 129 101
DEPOLARIZE2(0.001) 104 1 105 5 106 9 107 13 108 17 109 21 110 25 111 29 112 33 113 37 114 41 115 45 116 49 117 53 118 57 119 61 120 65 121 69 122 73 123 77 124 81 125 85 126 89 127 93 128 97 129 101
DEPOLARIZE1(0.0001) 0 2 3 4 6 7 8 10 11 12 14 15 16 18 19 20 22 23 24 26 27 28 30 31 32 34 35 36 38 39 40 42 43 44 46 47 48 50 51 52 54 55 56 58 59 60 62 63 64 66 67 68 70 71 72 74 75 76 78 79 80 82 83 84 86 87 88 90 91 92 94 95 96 98 99 100 102 103
CX 104 2 105 6 106 10 107 14 108 18 109 22 110 26 111 30 112 34 113 38 114 42 115 46 116 50 117 54 118 58 119 62 120 66 121 70 122 74 123 78 124 82 125 86 126 90 127 94 128 98 129 102
DEPOLARIZE2(0.001) 104 2 105 6 106 10 107 14 108 18 109 22 110 26 111 30 112 34 113 38 114 42 115 46 116 50 117 54 118 58 119 62 120 66 121 70 122 74 123 78 124 82 125 86 126 90 127 94 128 98 129 102
DEPOLARIZE1(0.0001) 0 1 3 4 5 7 8 9 11 12 13 15 16 17 19 20 21 23 24 25 27 28 29 31 32 33 35 36 37 39 40 41 43 44 45 47 48 49 51 52 53 55 56 57 59 60 61 63 64 65 67 68 69 71 72 73 75 76 77 79 80 81 83 84 85 87 88 89 91 92 93 95 96 97 99 100 101 103
CX 2 154 6 155 10 156 14 157 18 158 22 159 26 160 30 161 34 162 38 163 42 164 46 165 50 166 54 167 58 168 62 169 66 170 70 171 74 172 78 173 82 174 86 175 90 176 94 177 98 178 102 179
DEPOLARIZE2(0.001) 2 154 6 155 10 156 14 157 18 158 22 159 26 160 30 161 34 162 38 163 42 164 46 165 50 166 54 167 58 168 62 169 66 170 70 171 74 172 78 173 82 174 86 175 90 176 94 177 98 178 102 179
DEPOLARIZE1(0.0001) 0 1 3 4 5 7 8 9 11 12 13 15 16 17 19 20 21 23 24 25 27 28 29 31 32 33 35 36 37 39 40 41 43 44 45 47 48 49 51 52 53 55 56 57 59 60 61 63 64 65 67 68 69 71 72 73 75 76 77 79 80 81 83 84 85 87 88 89 91 92 93 95 96 97 99 100 101 103
CX 3 154 7 155 11 156 15 157 19 158 23 159 27 160 31 161 35 162 39 163 43 164 47 165 51 166 55 167 59 168 63 169 67 170 71 171 75 172 79 173 83 174 87 175 91 176 95 177 99 178 103 179
DEPOLARIZE2(0.001) 3 154 7 155 11 156 15 157 19 158 23 159 27 160 31 161 35 162 39 163 43 164 47 165 51 166 55 167 59 168 63 169 67 170 71 171 75 172 79 173 83 174 87 175 91 176 95 177 99 178 103 179
DEPOLARIZE1(0.0001) 0 1 2 4 5 6 8 9 10 12 13 14 16 17 18 20 21 22 24 25 26 28 29 30 32 33 34 36 37 38 40 41 42 44 45 46 48 49 50 52 53 54 56 57 58 60 61 62 64 65 66 68 69 70 72 73 74 76 77 78 80 81 82 84 85 86 88 89 90 92 93 94 96 97 98 100 101 102
CX 104 3 105 7 106 11 107 15 108 19 109 23 110 27 111 31 112 35 113 39 114 43 115 47 116 51 117 55 118 59 119 63 120 67 121 71 122 75 123 79 124 83 125 87 126 91 127 95 128 99 129 103
DEPOLARIZE2(0.001) 104 3 105 7 106 11 107 15 108 19 109 23 110 27 111 31 112 35 113 39 114 43 115 47 116 51 117 55 118 59 119 63 120 67 121 71 122 75 123 79 124 83 125 87 126 91 127 95 128 99 129 103
DEPOLARIZE1(0.0001) 0 1 2 4 5 6 8 9 10 12 13 14 16 17 18 20 21 22 24 25 26 28 29 30 32 33 34 36 37 38 40 41 42 44 45 46 48 49 50 52 53 54 56 57 58 60 61 62 64 65 66 68 69 70 72 73 74 76 77 78 80 81 82 84 85 86 88 89 90 92 93 94 96 97 98 100 101 102
H 104 105 106 107 108 109 110 111 112 113 114 115 116 117 118 119 120 121 122 123 124 125 126 127 128 129
DEPOLARIZE1(0.0001) 104 105 106 107 108 109 110 111 112 113 114 115 116 117 118 119 120 121 122 123 124 125 126 127 128 129
X_ERROR(0.001) 154 155 156 157 158 159 160 161 162 163 164 165 166 167 168 169 170 171 172 173 174 175 176 177 178 179
MR 154 155 156 157 158 159 160 161 162 163 164 165 166 167 168 169 170 171 172 173 174 175 176 177 178 179
X_ERROR(0.001) 154 155 156 157 158 159 160 161 162 163 164 165 166 167 168 169 170 171 172 173 174 175 176 177 178 179 104 105 106 107 108 109 110 111 112 113 114 115 116 117 118 119 120 121 122 123 124 125 126 127 128 129
MR 104 105 106 107 108 109 110 111 112 113 114 115 116 117 118 119 120 121 122 123 124 125 126 127 128 129
X_ERROR(0.001) 104 105 106 107 108 109 110 111 112 113 114 115 116 117 118 119 120 121 122 123 124 125 126 127 128 129
TICK
H 104 105 106 107 108 109 110 111 112 113 114 115 116 117 118 119 120 121 122 123 124 125 126 127 128 129
DEPOLARIZE1(0.0001) 104 105 106 107 108 109 110 111 112 113 114 115 116 117 118 119 120 121 122 123 124 125 126 127 128 129
CX 104 0 105 4 106 8 107 12 108 16 109 20 110 24 111 28 112 32 113 36 114 40 115 44 116 48 117 52 118 56 119 60 120 64 121 68 122 72 123 76 124 80 125 84 126 88 127 92 128 96 129 100
DEPOLARIZE2(0.001) 104 0 105 4 106 8 107 12 108 16 109 20 110 24 111 28 112 32 113 36 114 40 115 44 116 48 117 52 118 56 119 60 120 64 121 68 122 72 123 76 124 80 125 84 126 88 127 92 128 96 129 100
DEPOLARIZE1(0.0001) 1 2 3 5 6 7 9 10 11 13 14 15 17 18 19 21 22 23 25 26 27 29 30 31 33 34 35 37 38 39 41 42 43 45 46 47 49 50 51 53 54 55 57 58 59 61 62 63 65 66 67 69 70 71 73 74 75 77 78 79 81 82 83 85 86 87 89 90 91 93 94 95 97 98 99 101 102 103
CX 0 154 4 155 8 156 12 157 16 158 20 159 24 160 28 161 32 162 36 163 40 164 44 165 48 166 52 167 56 168 60 169 64 170 68 171 72 172 76 173 80 174 84 175 88 176 92 177 96 178 100 179
DEPOLARIZE2(0.001) 0 154 4 155 8 156 12 157 16 158 20 159 24 160 28 161 32 162 36 163 40 164 44 165 48 166 52 167 56 168 60 169 64 170 68 171 72 172 76 173 80 174 84 175 88 176 92 177 96 178 100 179
DEPOLARIZE1(0.0001) 1 2 3 5 6 7 9 10 11 13 14 15 17 18 19 21 22 23 25 26 27 29 30 31 33 34 35 37 38 39 41 42 43 45 46 47 49 50 51 53 54 55 57 58 59 61 62 63 65 66 67 69 70 71 73 74 75 77 78 79 81 82 83 85 86 87 89 90 91 93 94 95 97 98 99 101 102 103
CX 1 154 5 155 9 156 13 157 17 158 21 159 25 160 29 161 33 162 37 163 41 164 45 165 49 166 53 167 57 168 61 169 65 170 69 171 73 172 77 173 81 174 85 175 89 176 93 177 97 178 101 179
DEPOLARIZE2(0.001) 1 154 5 155 9 156 13 157 17 158 21 159 25 160 29 161 33 162 37 163 41 164 45 165 49 166 53 167 57 168 61 169 65 170 69 171 73 172 77 173 81 174 85 175 89 176 93 177 97 178 101 179
DEPOLARIZE1(0.0001) 0 2 3 4 6 7 8 10 11 12 14 15 16 18 19 20 22 23 24 26 27 28 30 31 32 34 35 36 38 39 40 42 43 44 46 47 48 50 51 52 54 55 56 58 59 60 62 63 64 66 67 68 70 71 72 74 75 76 78 79 80 82 83 84 86 87 88 90 91 92 94 95 96 98 99 100 102 103
CX 104 1 105 5 106 9 107 13 108 17 109 21 110 25 111 29 112 33 113 37 114 41 115 45 116 49 117 53 118 57 119 61 120 65 121 69 122 73 123 77 124 81 125 85 126 89 127 93 128 97 129 101
DEPOLARIZE2(0.001) 104 1 105 5 106 9 107 13 108 17 109 21 110 25 111 29 112 33 113 37 114 41 115 45 116 49 117 53 118 57 119 61 120 65 121 69 122 73 123 77 124 81 125 85 126 89 127 93 128 97 129 101
DEPOLARIZE1(0.0001) 0 2 3 4 6 7 8 10 11 12 14 15 16 18 19 20 22 23 24 26 27 28 30 31 32 34 35 36 38 39 40 42 43 44 46 47 48 50 51 52 54 55 56 58 59 60 62 63 64 66 67 68 70 71 72 74 75 76 78 79 80 82 83 84 86 87 88 90 91 92 94 95 96 98 99 100 102 103
CX 104 2 105 6 106 10 107 14 108 18 109 22 110 26 111 30 112 34 113 38 114 42 115 46 116 50 117 54 118 58 119 62 120 66 121 70 122 74 123 78 124 82 125 86 126 90 127 94 128 98 129 102
DEPOLARIZE2(0.001) 104 2 105 6 106 10 107 14 108 18 109 22 110 26 111 30 112 34 113 38 114 42 115 46 116 50 117 54 118 58 119 62 120 66 121 70 122 74 123 78 124 82 125 86 126 90 127 94 128 98 129 102
DEPOLARIZE1(0.0001) 0 1 3 4 5 7 8 9 11 12 13 15 16 17 19 20 21 23 24 25 27 28 29 31 32 33 35 36 37 39 40 41 43 44 45 47 48 49 51 52 53 55 56 57 59 60 61 63 64 65 67 68 69 71 72 73 75 76 77 79 80 81 83 84 85 87 88 89 91 92 93 95 96 97 99 100 101 103
CX 2 154 6 155 10 156 14 157 18 158 22 159 26 160 30 161 34 162 38 163 42 164 46 165 50 166 54 167 58 168 62 169 66 170 70 171 74 172 78 173 82 174 86 175 90 176 94 177 98 178 102 179
DEPOLARIZE2(0.001) 2 154 6 155 10 156 14 157 18 158 22 159 26 160 30 161 34 162 38 163 42 164 46 165 50 166 54 167 58 168 62 169 66 170 70 171 74 172 78 173 82 174 86 175 90 176 94 177 98 178 102 179
DEPOLARIZE1(0.0001) 0 1 3 4 5 7 8 9 11 12 13 15 16 17 19 20 21 23 24 25 27 28 29 31 32 33 35 36 37 39 40 41 43 44 45 47 48 49 51 52 53 55 56 57 59 60 61 63 64 65 67 68 69 71 72 73 75 76 77 79 80 81 83 84 85 87 88 89 91 92 93 95 96 97 99 100 101 103
CX 3 154 7 155 11 156 15 157 19 158 23 159 27 160 31 161 35 162 39 163 43 164 47 165 51 166 55 167 59 168 63 169 67 170 71 171 75 172 79 173 83 174 87 175 91 176 95 177 99 178 103 179
DEPOLARIZE2(0.001) 3 154 7 155 11 156 15 157 19 158 23 159 27 160 31 161 35 162 39 163 43 164 47 165 51 166 55 167 59 168 63 169 67 170 71 171 75 172 79 173 83 174 87 175 91 176 95 177 99 178 103 179
DEPOLARIZE1(0.0001) 0 1 2 4 5 6 8 9 10 12 13 14 16 17 18 20 21 22 24 25 26 28 29 30 32 33 34 36 37 38 40 41 42 44 45 46 48 49 50 52 53 54 56 57 58 60 61 62 64 65 66 68 69 70 72 73 74 76 77 78 80 81 82 84 85 86 88 89 90 92 93 94 96 97 98 100 101 102
CX 104 3 105 7 106 11 107 15 108 19 109 23 110 27 111 31 112 35 113 39 114 43 115 47 116 51 117 55 118 59 119 63 120 67 121 71 122 75 123 79 124 83 125 87 126 91 127 95 128 99 129 103
DEPOLARIZE2(0.001) 104 3 105 7 106 11 107 15 108 19 109 23 110 27 111 31 112 35 113 39 114 43 115 47 116 51 117 55 118 59 119 63 120 67 121 71 122 75 123 79 124 83 125 87 126 91 127 95 128 99 129 103
DEPOLARIZE1(0.0001) 0 1 2 4 5 6 8 9 10 12 13 14 16 17 18 20 21 22 24 25 26 28 29 30 32 33 34 36 37 38 40 41 42 44 45 46 48 49 50 52 53 54 56 57 58 60 61 62 64 65 66 68 69 70 72 73 74 76 77 78 80 81 82 84 85 86 88 89 90 92 93 94 96 97 98 100 101 102
H 104 105 106 107 108 109 110 111 112 113 114 115 116 117 118 119 120 121 122 123 124 125 126 127 128 129
DEPOLARIZE1(0.0001) 104 105 106 107 108 109 110 111 112 113 114 115 116 117 118 119 120 121 122 123 124 125 126 127 128 129
X_ERROR(0.001) 154 155 156 157 158 159 160 161 162 163 164 165 166 167 168 169 170 171 172 173 174 175 176 177 178 179
MR 154 155 156 157 158 159 160 161 162 163 164 165 166 167 168 169 170 171 172 173 174 175 176 177 178 179
X_ERROR(0.001) 154 155 156 157 158 159 160 161 162 163 164 165 166 167 168 169 170 171 172 173 174 175 176 177 178 179 104 105 106 107 108 109 110 111 112 113 114 115 116 117 118 119 120 121 122 123 124 125 126 127 128 129
MR 104 105 106 107 108 109 110 111 112 113 114 115 116 117 118 119 120 121 122 123 124 125 126 127 128 129
X_ERROR(0.001) 104 105 106 107 108 109 110 111 112 113 114 115 116 117 118 119 120 121 122 123 124 125 126 127 128 129
H 132 133 134 142 143 144
DEPOLARIZE1(0.0001) 132 133 134 142 143 144
CX 132 4
DEPOLARIZE2(0.001) 132 4
CX 142 84
DEPOLARIZE2(0.001) 142 84
CX 144 16
DEPOLARIZE2(0.001) 144 16
CX 134 32
DEPOLARIZE2(0.001) 134 32
CX 133 28
DEPOLARIZE2(0.001) 133 28
CX 143 40
DEPOLARIZE2(0.001) 143 40
DEPOLARIZE1(0.0001) 0 1 2 3 5 6 7 8 9 10 11 12 13 14 15 17 18 19 20 21 22 23 24 25 26 27 29 30 31 33 34 35 36 37 38 39 41 42 43 44 45 46 47 48 49 50 51 52 53 54 55 56 57 58 59 60 61 62 63 64 65 66 67 68 69 70 71 72 73 74 75 76 77 78 79 80 81 82 83 85 86 87 88 89 90 91 92 93 94 95 96 97 98 99 100 101 102 103
CX 142 28
DEPOLARIZE2(0.001) 142 28
CX 143 84
DEPOLARIZE2(0.001) 143 84
CX 132 12
DEPOLARIZE2(0.001) 132 12
CX 144 4
DEPOLARIZE2(0.001) 144 4
CX 134 48
DEPOLARIZE2(0.001) 134 48
CX 133 44
DEPOLARIZE2(0.001) 133 44
DEPOLARIZE1(0.0001) 0 1 2 3 5 6 7 8 9 10 11 13 14 15 16 17 18 19 20 21 22 23 24 25 26 27 29 30 31 32 33 34 35 36 37 38 39 40 41 42 43 45 46 47 49 50 51 52 53 54 55 56 57 58 59 60 61 62 63 64 65 66 67 68 69 70 71 72 73 74 75 76 77 78 79 80 81 82 83 85 86 87 88 89 90 91 92 93 94 95 96 97 98 99 100 101 102 103
CX 133 56
DEPOLARIZE2(0.001) 133 56
CX 132 24
DEPOLARIZE2(0.001) 132 24
CX 142 32
DEPOLARIZE2(0.001) 142 32
CX 144 84
DEPOLARIZE2(0.001) 144 84
CX 143 44
DEPOLARIZE2(0.001) 143 44
CX 134 60
DEPOLARIZE2(0.001) 134 60
DEPOLARIZE1(0.0001) 0 1 2 3 4 5 6 7 8 9 10 11 12 13 14 15 16 17 18 19 20 21 22 23 25 26 27 28 29 30 31 33 34 35 36 37 38 39 40 41 42 43 45 46 47 48 49 50 51 52 53 54 55 57 58 59 61 62 63 64 65 66 67 68 69 70 71 72 73 74 75 76 77 78 79 80 81 82 83 85 86 87 88 89 90 91 92 93 94 95 96 97 98 99 100 101 102 103
CX 133 80
DEPOLARIZE2(0.001) 133 80
CX 142 24
DEPOLARIZE2(0.001) 142 24
CX 132 40
DEPOLARIZE2(0.001) 132 40
CX 144 56
DEPOLARIZE2(0.001) 144 56
CX 134 84
DEPOLARIZE2(0.001) 134 84
CX 143 48
DEPOLARIZE2(0.001) 143 48
DEPOLARIZE1(0.0001) 0 1 2 3 4 5 6 7 8 9 10 11 12 13 14 15 16 17 18 19 20 21 22 23 25 26 27 28 29 30 31 32 33 34 35 36 37 38 39 41 42 43 44 45 46 47 49 50 51 52 53 54 55 57 58 59 60 61 62 63 64 65 66 67 68 69 70 71 72 73 74 75 76 77 78 79 81 82 83 85 86 87 88 89 90 91 92 93 94 95 96 97 98 99 100 101 102 103
CX 133 84
DEPOLARIZE2(0.001) 133 84
CX 132 80
DEPOLARIZE2(0.001) 132 80
CX 134 88
DEPOLARIZE2(0.001) 134 88
CX 143 92
DEPOLARIZE2(0.001) 143 92
CX 144 60
DEPOLARIZE2(0.001) 144 60
DEPOLARIZE1(0.0001) 0 1 2 3 4 5 6 7 8 9 10 11 12 13 14 15 16 17 18 19 20 21 22 23 24 25 26 27 28 29 30 31 32 33 34 35 36 37 38 39 40 41 42 43 44 45 46 47 48 49 50 51 52 53 54 55 56 57 58 59 61 62 63 64 65 66 67 68 69 70 71 72 73 74 75 76 77 78 79 81 82 83 85 86 87 89 90 91 93 94 95 96 97 98 99 100 101 102 103
CX 132 84
DEPOLARIZE2(0.001) 132 84
CX 144 92
DEPOLARIZE2(0.001) 144 92
CX 133 88
DEPOLARIZE2(0.001) 133 88
DEPOLARIZE1(0.0001) 0 1 2 3 4 5 6 7 8 9 10 11 12 13 14 15 16 17 18 19 20 21 22 23 24 25 26 27 28 29 30 31 32 33 34 35 36 37 38 39 40 41 42 43 44 45 46 47 48 49 50 51 52 53 54 55 56 57 58 59 60 61 62 63 64 65 66 67 68 69 70 71 72 73 74 75 76 77 78 79 80 81 82 83 85 86 87 89 90 91 93 94 95 96 97 98 99 100 101 102 103
CX 133 29
DEPOLARIZE2(0.001) 133 29
CX 142 26
DEPOLARIZE2(0.001) 142 26
CX 144 17
DEPOLARIZE2(0.001) 144 17
CX 134 33
DEPOLARIZE2(0.001) 134 33
CX 132 5
DEPOLARIZE2(0.001) 132 5
CX 143 42
DEPOLARIZE2(0.001) 143 42
DEPOLARIZE1(0.0001) 0 1 2 3 4 6 7 8 9 10 11 12 13 14 15 16 18 19 20 21 22 23 24 25 27 28 30 31 32 34 35 36 37 38 39 40 41 43 44 45 46 47 48 49 50 51 52 53 54 55 56 57 58 59 60 61 62 63 64 65 66 67 68 69 70 71 72 73 74 75 76 77 78 79 80 81 82 83 84 85 86 87 88 89 90 91 92 93 94 95 96 97 98 99 100 101 102 103
CX 133 45
DEPOLARIZE2(0.001) 133 45
CX 143 46
DEPOLARIZE2(0.001) 143 46
CX 142 30
DEPOLARIZE2(0.001) 142 30
CX 132 13
DEPOLARIZE2(0.001) 132 13
CX 134 49
DEPOLARIZE2(0.001) 134 49
CX 144 5
DEPOLARIZE2(0.001) 144 5
DEPOLARIZE1(0.0001) 0 1 2 3 4 6 7 8 9 10 11 12 14 15 16 17 18 19 20 21 22 23 24 25 26 27 28 29 31 32 33 34 35 36 37 38 39 40 41 42 43 44 47 48 50 51 52 53 54 55 56 57 58 59 60 61 62 63 64 65 66 67 68 69 70 71 72 73 74 75 76 77 78 79 80 81 82 83 84 85 86 87 88 89 90 91 92 93 94 95 96 97 98 99 100 101 102 103
CX 132 25
DEPOLARIZE2(0.001) 132 25
CX 133 57
DEPOLARIZE2(0.001) 133 57
CX 142 34
DEPOLARIZE2(0.001) 142 34
CX 134 61
DEPOLARIZE2(0.001) 134 61
CX 144 58
DEPOLARIZE2(0.001) 144 58
CX 143 50
DEPOLARIZE2(0.001) 143 50
DEPOLARIZE1(0.0001) 0 1 2 3 4 5 6 7 8 9 10 11 12 13 14 15 16 17 18 19 20 21 22 23 24 26 27 28 29 30 31 32 33 35 36 37 38 39 40 41 42 43 44 45 46 47 48 49 51 52 53 54 55 56 59 60 62 63 64 65 66 67 68 69 70 71 72 73 74 75 76 77 78 79 80 81 82 83 84 85 86 87 88 89 90 91 92 93 94 95 96 97 98 99 100 101 102 103
CX 133 81
DEPOLARIZE2(0.001) 133 81
CX 132 41
DEPOLARIZE2(0.001) 132 41
CX 142 86
DEPOLARIZE2(0.001) 142 86
CX 144 62
DEPOLARIZE2(0.001) 144 62
CX 134 85
DEPOLARIZE2(0.001) 134 85
CX 143 94
DEPOLARIZE2(0.001) 143 94
DEPOLARIZE1(0.0001) 0 1 2 3 4 5 6 7 8 9 10 11 12 13 14 15 16 17 18 19 20 21 22 23 24 25 26 27 28 29 30 31 32 33 34 35 36 37 38 39 40 42 43 44 45 46 47 48 49 50 51 52 53 54 55 56 57 58 59 60 61 63 64 65 66 67 68 69 70 71 72 73 74 75 76 77 78 79 80 82 83 84 87 88 89 90 91 92 93 95 96 97 98 99 100 101 102 103
CX 133 85
DEPOLARIZE2(0.001) 133 85
CX 132 81
DEPOLARIZE2(0.001) 132 81
CX 144 94
DEPOLARIZE2(0.001) 144 94
CX 134 89
DEPOLARIZE2(0.001) 134 89
CX 143 86
DEPOLARIZE2(0.001) 143 86
DEPOLARIZE1(0.0001) 0 1 2 3 4 5 6 7 8 9 10 11 12 13 14 15 16 17 18 19 20 21 22 23 24 25 26 27 28 29 30 31 32 33 34 35 36 37 38 39 40 41 42 43 44 45 46 47 48 49 50 51 52 53 54 55 56 57 58 59 60 61 62 63 64 65 66 67 68 69 70 71 72 73 74 75 76 77 78 79 80 82 83 84 87 88 90 91 92 93 95 96 97 98 99 100 101 102 103
CX 144 86
DEPOLARIZE2(0.001) 144 86
CX 133 89
DEPOLARIZE2(0.001) 133 89
CX 132 85
DEPOLARIZE2(0.001) 132 85
DEPOLARIZE1(0.0001) 0 1 2 3 4 5 6 7 8 9 10 11 12 13 14 15 16 17 18 19 20 21 22 23 24 25 26 27 28 29 30 31 32 33 34 35 36 37 38 39 40 41 42 43 44 45 46 47 48 49 50 51 52 53 54 55 56 57 58 59 60 61 62 63 64 65 66 67 68 69 70 71 72 73 74 75 76 77 78 79 80 81 82 83 84 87 88 90 91 92 93 94 95 96 97 98 99 100 101 102 103
H 132 133 134 142 143 144
DEPOLARIZE1(0.0001) 132 133 134 142 143 144
X_ERROR(0.001) 132 133 134 142 143 144
MR 132 133 134 142 143 144
X_ERROR(0.001) 132 133 134 142 143 144
TICK
H 104 105 106 107 108 109 110 111 112 113 114 115 116 117 118 119 120 121 122 123 124 125 126 127 128 129
DEPOLARIZE1(0.0001) 104 105 106 107 108 109 110 111 112 113 114 115 116 117 118 119 120 121 122 123 124 125 126 127 128 129
CX 104 0 105 4 106 8 107 12 108 16 109 20 110 24 111 28 112 32 113 36 114 40 115 44 116 48 117 52 118 56 119 60 120 64 121 68 122 72 123 76 124 80 125 84 126 88 127 92 128 96 129 100
DEPOLARIZE2(0.001) 104 0 105 4 106 8 107 12 108 16 109 20 110 24 111 28 112 32 113 36 114 40 115 44 116 48 117 52 118 56 119 60 120 64 121 68 122 72 123 76 124 80 125 84 126 88 127 92 128 96 129 100
DEPOLARIZE1(0.0001) 1 2 3 5 6 7 9 10 11 13 14 15 17 18 19 21 22 23 25 26 27 29 30 31 33 34 35 37 38 39 41 42 43 45 46 47 49 50 51 53 54 55 57 58 59 61 62 63 65 66 67 69 70 71 73 74 75 77 78 79 81 82 83 85 86 87 89 90 91 93 94 95 97 98 99 101 102 103
CX 0 154 4 155 8 156 12 157 16 158 20 159 24 160 28 161 32 162 36 163 40 164 44 165 48 166 52 167 56 168 60 169 64 170 68 171 72 172 76 173 80 174 84 175 88 176 92 177 96 178 100 179
DEPOLARIZE2(0.001) 0 154 4 155 8 156 12 157 16 158 20 159 24 160 28 161 32 162 36 163 40 164 44 165 48 166 52 167 56 168 60 169 64 170 68 171 72 172 76 173 80 174 84 175 88 176 92 177 96 178 100 179
DEPOLARIZE1(0.0001) 1 2 3 5 6 7 9 10 11 13 14 15 17 18 19 21 22 23 25 26 27 29 30 31 33 34 35 37 38 39 41 42 43 45 46 47 49 50 51 53 54 55 57 58 59 61 62 63 65 66 67 69 70 71 73 74 75 77 78 79 81 82 83 85 86 87 89 90 91 93 94 95 97 98 99 101 102 103
CX 1 154 5 155 9 156 13 157 17 158 21 159 25 160 29 161 33 162 37 163 41 164 45 165 49 166 53 167 57 168 61 169 65 170 69 171 73 172 77 173 81 174 85 175 89 176 93 177 97 178 101 179
DEPOLARIZE2(0.001) 1 154 5 155 9 156 13 157 17 158 21 159 25 160 29 161 33 162 37 163 41 164 45 165 49 166 53 167 57 168 61 169 65 170 69 171 73 172 77 173 81 174 85 175 89 176 93 177 97 178 101 179
DEPOLARIZE1(0.0001) 0 2 3 4 6 7 8 10 11 12 14 15 16 18 19 20 22 23 24 26 27 28 30 31 32 34 35 36 38 39 40 42 43 44 46 47 48 50 51 52 54 55 56 58 59 60 62 63 64 66 67 68 70 71 72 74 75 76 78 79 80 82 83 84 86 87 88 90 91 92 94 95 96 98 99 100 102 103
CX 104 1 105 5 106 9 107 13 108 17 109 21 110 25 111 29 112 33 113 37 114 41 115 45 116 49 117 53 118 57 119 61 120 65 121 69 122 73 123 77 124 81 125 85 126 89 127 93 128 97 129 101
DEPOLARIZE2(0.001) 104 1 105 5 106 9 107 13 108 17 109 21 110 25 111 29 112 33 113 37 114 41 115 45 116 49 117 53 118 57 119 61 120 65 121 69 122 73 123 77 124 81 125 85 126 89 127 93 128 97 129 101
DEPOLARIZE1(0.0001) 0 2 3 4 6 7 8 10 11 12 14 15 16 18 19 20 22 23 24 26 27 28 30 31 32 34 35 36 38 39 40 42 43 44 46 47 48 50 51 52 54 55 56 58 59 60 62 63 64 66 67 68 70 71 72 74 75 76 78 79 80 82 83 84 86 87 88 90 91 92 94 95 96 98 99 100 102 103
CX 104 2 105 6 106 10 107 14 108 18 109 22 110 26 111 30 112 34 113 38 114 42 115 46 116 50 117 54 118 58 119 62 120 66 121 70 122 74 123 78 124 82 125 86 126 90 127 94 128 98 129 102
DEPOLARIZE2(0.001) 104 2 105 6 106 10 107 14 108 18 109 22 110 26 111 30 112 34 113 38 114 42 115 46 116 50 117 54 118 58 119 62 120 66 121 70 122 74 123 78 124 82 125 86 126 90 127 94 128 98 129 102
DEPOLARIZE1(0.0001) 0 1 3 4 5 7 8 9 11 12 13 15 16 17 19 20 21 23 24 25 27 28 29 31 32 33 35 36 37 39 40 41 43 44 45 47 48 49 51 52 53 55 56 57 59 60 61 63 64 65 67 68 69 71 72 73 75 76 77 79 80 81 83 84 85 87 88 89 91 92 93 95 96 97 99 100 101 103
CX 2 154 6 155 10 156 14 157 18 158 22 159 26 160 30 161 34 162 38 163 42 164 46 165 50 166 54 167 58 168 62 169 66 170 70 171 74 172 78 173 82 174 86 175 90 176 94 177 98 178 102 179
DEPOLARIZE2(0.001) 2 154 6 155 10 156 14 157 18 158 22 159 26 160 30 161 34 162 38 163 42 164 46 165 50 166 54 167 58 168 62 169 66 170 70 171 74 172 78 173 82 174 86 175 90 176 94 177 98 178 102 179
DEPOLARIZE1(0.0001) 0 1 3 4 5 7 8 9 11 12 13 15 16 17 19 20 21 23 24 25 27 28 29 31 32 33 35 36 37 39 40 41 43 44 45 47 48 49 51 52 53 55 56 57 59 60 61 63 64 65 67 68 69 71 72 73 75 76 77 79 80 81 83 84 85 87 88 89 91 92 93 95 96 97 99 100 101 103
CX 3 154 7 155 11 156 15 157 19 158 23 159 27 160 31 161 35 162 39 163 43 164 47 165 51 166 55 167 59 168 63 169 67 170 71 171 75 172 79 173 83 174 87 175 91 176 95 177 99 178 103 179
DEPOLARIZE2(0.001) 3 154 7 155 11 156 15 157 19 158 23 159 27 160 31 161 35 162 39 163 43 164 47 165 51 166 55 167 59 168 63 169 67 170 71 171 75 172 79 173 83 174 87 175 91 176 95 177 99 178 103 179
DEPOLARIZE1(0.0001) 0 1 2 4 5 6 8 9 10 12 13 14 16 17 18 20 21 22 24 25 26 28 29 30 32 33 34 36 37 38 40 41 42 44 45 46 48 49 50 52 53 54 56 57 58 60 61 62 64 65 66 68 69 70 72 73 74 76 77 78 80 81 82 84 85 86 88 89 90 92 93 94 96 97 98 100 101 102
CX 104 3 105 7 106 11 107 15 108 19 109 23 110 27 111 31 112 35 113 39 114 43 115 47 116 51 117 55 118 59 119 63 120 67 121 71 122 75 123 79 124 83 125 87 126 91 127 95 128 99 129 103
DEPOLARIZE2(0.001) 104 3 105 7 106 11 107 15 108 19 109 23 110 27 111 31 112 35 113 39 114 43 115 47 116 51 117 55 118 59 119 63 120 67 121 71 122 75 123 79 124 83 125 87 126 91 127 95 128 99 129 103
DEPOLARIZE1(0.0001) 0 1 2 4 5 6 8 9 10 12 13 14 16 17 18 20 21 22 24 25 26 28 29 30 32 33 34 36 37 38 40 41 42 44 45 46 48 49 50 52 53 54 56 57 58 60 61 62 64 65 66 68 69 70 72 73 74 76 77 78 80 81 82 84 85 86 88 89 90 92 93 94 96 97 98 100 101 102
H 104 105 106 107 108 109 110 111 112 113 114 115 116 117 118 119 120 121 122 123 124 125 126 127 128 129
DEPOLARIZE1(0.0001) 104 105 106 107 108 109 110 111 112 113 114 115 116 117 118 119 120 121 122 123 124 125 126 127 128 129
X_ERROR(0.001) 154 155 156 157 158 159 160 161 162 163 164 165 166 167 168 169 170 171 172 173 174 175 176 177 178 179
MR 154 155 156 157 158 159 160 161 162 163 164 165 166 167 168 169 170 171 172 173 174 175 176 177 178 179
X_ERROR(0.001) 154 155 156 157 158 159 160 161 162 163 164 165 166 167 168 169 170 171 172 173 174 175 176 177 178 179 104 105 106 107 108 109 110 111 112 113 114 115 116 117 118 119 120 121 122 123 124 125 126 127 128 129
MR 104 105 106 107 108 109 110 111 112 113 114 115 116 117 118 119 120 121 122 123 124 125 126 127 128 129
X_ERROR(0.001) 104 105 106 107 108 109 110 111 112 113 114 115 116 117 118 119 120 121 122 123 124 125 126 127 128 129
H 132 133 134 142 143 144
DEPOLARIZE1(0.0001) 132 133 134 142 143 144
CX 132 4
DEPOLARIZE2(0.001) 132 4
CX 142 84
DEPOLARIZE2(0.001) 142 84
CX 144 16
DEPOLARIZE2(0.001) 144 16
CX 134 32
DEPOLARIZE2(0.001) 134 32
CX 133 28
DEPOLARIZE2(0.001) 133 28
CX 143 40
DEPOLARIZE2(0.001) 143 40
DEPOLARIZE1(0.0001) 0 1 2 3 5 6 7 8 9 10 11 12 13 14 15 17 18 19 20 21 22 23 24 25 26 27 29 30 31 33 34 35 36 37 38 39 41 42 43 44 45 46 47 48 49 50 51 52 53 54 55 56 57 58 59 60 61 62 63 64 65 66 67 68 69 70 71 72 73 74 75 76 77 78 79 80 81 82 83 85 86 87 88 89 90 91 92 93 94 95 96 97 98 99 100 101 102 103
CX 142 28
DEPOLARIZE2(0.001) 142 28
CX 143 84
DEPOLARIZE2(0.001) 143 84
CX 132 12
DEPOLARIZE2(0.001) 132 12
CX 144 4
DEPOLARIZE2(0.001) 144 4
CX 134 48
DEPOLARIZE2(0.001) 134 48
CX 133 44
DEPOLARIZE2(0.001) 133 44
DEPOLARIZE1(0.0001) 0 1 2 3 5 6 7 8 9 10 11 13 14 15 16 17 18 19 20 21 22 23 24 25 26 27 29 30 31 32 33 34 35 36 37 38 39 40 41 42 43 45 46 47 49 50 51 52 53 54 55 56 57 58 59 60 61 62 63 64 65 66 67 68 69 70 71 72 73 74 75 76 77 78 79 80 81 82 83 85 86 87 88 89 90 91 92 93 94 95 96 97 98 99 100 101 102 103
CX 133 56
DEPOLARIZE2(0.001) 133 56
CX 132 24
DEPOLARIZE2(0.001) 132 24
CX 142 32
DEPOLARIZE2(0.001) 142 32
CX 144 84
DEPOLARIZE2(0.001) 144 84
CX 143 44
DEPOLARIZE2(0.001) 143 44
CX 134 60
DEPOLARIZE2(0.001) 134 60
DEPOLARIZE1(0.0001) 0 1 2 3 4 5 6 7 8 9 10 11 12 13 14 15 16 17 18 19 20 21 22 23 25 26 27 28 29 30 31 33 34 35 36 37 38 39 40 41 42 43 45 46 47 48 49 50 51 52 53 54 55 57 58 59 61 62 63 64 65 66 67 68 69 70 71 72 73 74 75 76 77 78 79 80 81 82 83 85 86 87 88 89 90 91 92 93 94 95 96 97 98 99 100 101 102 103
CX 133 80
DEPOLARIZE2(0.001) 133 80
CX 142 24
DEPOLARIZE2(0.001) 142 24
CX 132 40
DEPOLARIZE2(0.001) 132 40
CX 144 56
DEPOLARIZE2(0.001) 144 56
CX 134 84
DEPOLARIZE2(0.001) 134 84
CX 143 48
DEPOLARIZE2(0.001) 143 48
DEPOLARIZE1(0.0001) 0 1 2 3 4 5 6 7 8 9 10 11 12 13 14 15 16 17 18 19 20 21 22 23 25 26 27 28 29 30 31 32 33 34 35 36 37 38 39 41 42 43 44 45 46 47 49 50 51 52 53 54 55 57 58 59 60 61 62 63 64 65 66 67 68 69 70 71 72 73 74 75 76 77 78 79 81 82 83 85 86 87 88 89 90 91 92 93 94 95 96 97 98 99 100 101 102 103
CX 133 84
DEPOLARIZE2(0.001) 133 84
CX 132 80
DEPOLARIZE2(0.001) 132 80
CX 134 88
DEPOLARIZE2(0.001) 134 88
CX 143 92
DEPOLARIZE2(0.001) 143 92
CX 144 60
DEPOLARIZE2(0.001) 144 60
DEPOLARIZE1(0.0001) 0 1 2 3 4 5 6 7 8 9 10 11 12 13 14 15 16 17 18 19 20 21 22 23 24 25 26 27 28 29 30 31 32 33 34 35 36 37 38 39 40 41 42 43 44 45 46 47 48 49 50 51 52 53 54 55 56 57 58 59 61 62 63 64 65 66 67 68 69 70 71 72 73 74 75 76 77 78 79 81 82 83 85 86 87 89 90 91 93 94 95 96 97 98 99 100 101 102 103
CX 132 84
DEPOLARIZE2(0.001) 132 84
CX 144 92
DEPOLARIZE2(0.001) 144 92
CX 133 88
DEPOLARIZE2(0.001) 133 88
DEPOLARIZE1(0.0001) 0 1 2 3 4 5 6 7 8 9 10 11 12 13 14 15 16 17 18 19 20 21 22 23 24 25 26 27 28 29 30 31 32 33 34 35 36 37 38 39 40 41 42 43 44 45 46 47 48 49 50 51 52 53 54 55 56 57 58 59 60 61 62 63 64 65 66 67 68 69 70 71 72 73 74 75 76 77 78 79 80 81 82 83 85 86 87 89 90 91 93 94 95 96 97 98 99 100 101 102 103
CX 133 29
DEPOLARIZE2(0.001) 133 29
CX 142 26
DEPOLARIZE2(0.001) 142 26
CX 144 17
DEPOLARIZE2(0.001) 144 17
CX 134 33
DEPOLARIZE2(0.001) 134 33
CX 132 5
DEPOLARIZE2(0.001) 132 5
CX 143 42
DEPOLARIZE2(0.001) 143 42
DEPOLARIZE1(0.0001) 0 1 2 3 4 6 7 8 9 10 11 12 13 14 15 16 18 19 20 21 22 23 24 25 27 28 30 31 32 34 35 36 37 38 39 40 41 43 44 45 46 47 48 49 50 51 52 53 54 55 56 57 58 59 60 61 62 63 64 65 66 67 68 69 70 71 72 73 74 75 76 77 78 79 80 81 82 83 84 85 86 87 88 89 90 91 92 93 94 95 96 97 98 99 100 101 102 103
CX 133 45
DEPOLARIZE2(0.001) 133 45
CX 143 46
DEPOLARIZE2(0.001) 143 46
CX 142 30
DEPOLARIZE2(0.001) 142 30
CX 132 13
DEPOLARIZE2(0.001) 132 13
CX 134 49
DEPOLARIZE2(0.001) 134 49
CX 144 5
DEPOLARIZE2(0.001) 144 5
DEPOLARIZE1(0.0001) 0 1 2 3 4 6 7 8 9 10 11 12 14 15 16 17 18 19 20 21 22 23 24 25 26 27 28 29 31 32 33 34 35 36 37 38 39 40 41 42 43 44 47 48 50 51 52 53 54 55 56 57 58 59 60 61 62 63 64 65 66 67 68 69 70 71 72 73 74 75 76 77 78 79 80 81 82 83 84 85 86 87 88 89 90 91 92 93 94 95 96 97 98 99 100 101 102 103
CX 132 25
DEPOLARIZE2(0.001) 132 25
CX 133 57
DEPOLARIZE2(0.001) 133 57
CX 142 34
DEPOLARIZE2(0.001) 142 34
CX 134 61
DEPOLARIZE2(0.001) 134 61
CX 144 58
DEPOLARIZE2(0.001) 144 58
CX 143 50
DEPOLARIZE2(0.001) 143 50
DEPOLARIZE1(0.0001) 0 1 2 3 4 5 6 7 8 9 10 11 12 13 14 15 16 17 18 19 20 21 22 23 24 26 27 28 29 30 31 32 33 35 36 37 38 39 40 41 42 43 44 45 46 47 48 49 51 52 53 54 55 56 59 60 62 63 64 65 66 67 68 69 70 71 72 73 74 75 76 77 78 79 80 81 82 83 84 85 86 87 88 89 90 91 92 93 94 95 96 97 98 99 100 101 102 103
CX 133 81
DEPOLARIZE2(0.001) 133 81
CX 132 41
DEPOLARIZE2(0.001) 132 41
CX 142 86
DEPOLARIZE2(0.001) 142 86
CX 144 62
DEPOLARIZE2(0.001) 144 62
CX 134 85
DEPOLARIZE2(0.001) 134 85
CX 143 94
DEPOLARIZE2(0.001) 143 94
DEPOLARIZE1(0.0001) 0 1 2 3 4 5 6 7 8 9 10 11 12 13 14 15 16 17 18 19 20 21 22 23 24 25 26 27 28 29 30 31 32 33 34 35 36 37 38 39 40 42 43 44 45 46 47 48 49 50 51 52 53 54 55 56 57 58 59 60 61 63 64 65 66 67 68 69 70 71 72 73 74 75 76 77 78 79 80 82 83 84 87 88 89 90 91 92 93 95 96 97 98 99 100 101 102 103
CX 133 85
DEPOLARIZE2(0.001) 133 85
CX 132 81
DEPOLARIZE2(0.001) 132 81
CX 144 94
DEPOLARIZE2(0.001) 144 94
CX 134 89
DEPOLARIZE2(0.001) 134 89
CX 143 86
DEPOLARIZE2(0.001) 143 86
DEPOLARIZE1(0.0001) 0 1 2 3 4 5 6 7 8 9 10 11 12 13 14 15 16 17 18 19 20 21 22 23 24 25 26 27 28 29 30 31 32 33 34 35 36 37 38 39 40 41 42 43 44 45 46 47 48 49 50 51 52 53 54 55 56 57 58 59 60 61 62 63 64 65 66 67 68 69 70 71 72 73 74 75 76 77 78 79 80 82 83 84 87 88 90 91 92 93 95 96 97 98 99 100 101 102 103
CX 144 86
DEPOLARIZE2(0.001) 144 86
CX 133 89
DEPOLARIZE2(0.001) 133 89
CX 132 85
DEPOLARIZE2(0.001) 132 85
DEPOLARIZE1(0.0001) 0 1 2 3 4 5 6 7 8 9 10 11 12 13 14 15 16 17 18 19 20 21 22 23 24 25 26 27 28 29 30 31 32 33 34 35 36 37 38 39 40 41 42 43 44 45 46 47 48 49 50 51 52 53 54 55 56 57 58 59 60 61 62 63 64 65 66 67 68 69 70 71 72 73 74 75 76 77 78 79 80 81 82 83 84 87 88 90 91 92 93 94 95 96 97 98 99 100 101 102 103
H 132 133 134 142 143 144
DEPOLARIZE1(0.0001) 132 133 134 142 143 144
X_ERROR(0.001) 132 133 134 142 143 144
MR 132 133 134 142 143 144
X_ERROR(0.001) 132 133 134 142 143 144
TICK
H 104 105 106 107 108 109 110 111 112 113 114 115 116 117 118 119 120 121 122 123 124 125 126 127 128 129
DEPOLARIZE1(0.0001) 104 105 106 107 108 109 110 111 112 113 114 115 116 117 118 119 120 121 122 123 124 125 126 127 128 129
CX 104 0 105 4 106 8 107 12 108 16 109 20 110 24 111 28 112 32 113 36 114 40 115 44 116 48 117 52 118 56 119 60 120 64 121 68 122 72 123 76 124 80 125 84 126 88 127 92 128 96 129 100
DEPOLARIZE2(0.001) 104 0 105 4 106 8 107 12 108 16 109 20 110 24 111 28 112 32 113 36 114 40 115 44 116 48 117 52 118 56 119 60 120 64 121 68 122 72 123 76 124 80 125 84 126 88 127 92 128 96 129 100
DEPOLARIZE1(0.0001) 1 2 3 5 6 7 9 10 11 13 14 15 17 18 19 21 22 23 25 26 27 29 30 31 33 34 35 37 38 39 41 42 43 45 46 47 49 50 51 53 54 55 57 58 59 61 62 63 65 66 67 69 70 71 73 74 75 77 78 79 81 82 83 85 86 87 89 90 91 93 94 95 97 98 99 101 102 103
CX 0 154 4 155 8 156 12 157 16 158 20 159 24 160 28 161 32 162 36 163 40 164 44 165 48 166 52 167 56 168 60 169 64 170 68 171 72 172 76 173 80 174 84 175 88 176 92 177 96 178 100 179
DEPOLARIZE2(0.001) 0 154 4 155 8 156 12 157 16 158 20 159 24 160 28 161 32 162 36 163 40 164 44 165 48 166 52 167 56 168 60 169 64 170 68 171 72 172 76 173 80 174 84 175 88 176 92 177 96 178 100 179
DEPOLARIZE1(0.0001) 1 2 3 5 6 7 9 10 11 13 14 15 17 18 19 21 22 23 25 26 27 29 30 31 33 34 35 37 38 39 41 42 43 45 46 47 49 50 51 53 54 55 57 58 59 61 62 63 65 66 67 69 70 71 73 74 75 77 78 79 81 82 83 85 86 87 89 90 91 93 94 95 97 98 99 101 102 103
CX 1 154 5 155 9 156 13 157 17 158 21 159 25 160 29 161 33 162 37 163 41 164 45 165 49 166 53 167 57 168 61 169 65 170 69 171 73 172 77 173 81 174 85 175 89 176 93 177 97 178 101 179
DEPOLARIZE2(0.001) 1 154 5 155 9 156 13 157 17 158 21 159 25 160 29 161 33 162 37 163 41 164 45 165 49 166 53 167 57 168 61 169 65 170 69 171 73 172 77 173 81 174 85 175 89 176 93 177 97 178 101 179
DEPOLARIZE1(0.0001) 0 2 3 4 6 7 8 10 11 12 14 15 16 18 19 20 22 23 24 26 27 28 30 31 32 34 35 36 38 39 40 42 43 44 46 47 48 50 51 52 54 55 56 58 59 60 62 63 64 66 67 68 70 71 72 74 75 76 78 79 80 82 83 84 86 87 88 90 91 92 94 95 96 98 99 100 102 103
CX 104 1 105 5 106 9 107 13 108 17 109 21 110 25 111 29 112 33 113 37 114 41 115 45 116 49 117 53 118 57 119 61 120 65 121 69 122 73 123 77 124 81 125 85 126 89 127 93 128 97 129 101
DEPOLARIZE2(0.001) 104 1 105 5 106 9 107 13 108 17 109 21 110 25 111 29 112 33 113 37 114 41 115 45 116 49 117 53 118 57 119 61 120 65 121 69 122 73 123 77 124 81 125 85 126 89 127 93 128 97 129 101
DEPOLARIZE1(0.0001) 0 2 3 4 6 7 8 10 11 12 14 15 16 18 19 20 22 23 24 26 27 28 30 31 32 34 35 36 38 39 40 42 43 44 46 47 48 50 51 52 54 55 56 58 59 60 62 63 64 66 67 68 70 71 72 74 75 76 78 79 80 82 83 84 86 87 88 90 91 92 94 95 96 98 99 100 102 103
CX 104 2 105 6 106 10 107 14 108 18 109 22 110 26 111 30 112 34 113 38 114 42 115 46 116 50 117 54 118 58 119 62 120 66 121 70 122 74 123 78 124 82 125 86 126 90 127 94 128 98 129 102
DEPOLARIZE2(0.001) 104 2 105 6 106 10 107 14 108 18 109 22 110 26 111 30 112 34 113 38 114 42 115 46 116 50 117 54 118 58 119 62 120 66 121 70 122 74 123 78 124 82 125 86 126 90 127 94 128 98 129 102
DEPOLARIZE1(0.0001) 0 1 3 4 5 7 8 9 11 12 13 15 16 17 19 20 21 23 24 25 27 28 29 31 32 33 35 36 37 39 40 41 43 44 45 47 48 49 51 52 53 55 56 57 59 60 61 63 64 65 67 68 69 71 72 73 75 76 77 79 80 81 83 84 85 87 88 89 91 92 93 95 96 97 99 100 101 103
CX 2 154 6 155 10 156 14 157 18 158 22 159 26 160 30 161 34 162 38 163 42 164 46 165 50 166 54 167 58 168 62 169 66 170 70 171 74 172 78 173 82 174 86 175 90 176 94 177 98 178 102 179
DEPOLARIZE2(0.001) 2 154 6 155 10 156 14 157 18 158 22 159 26 160 30 161 34 162 38 163 42 164 46 165 50 166 54 167 58 168 62 169 66 170 70 171 74 172 78 173 82 174 86 175 90 176 94 177 98 178 102 179
DEPOLARIZE1(0.0001) 0 1 3 4 5 7 8 9 11 12 13 15 16 17 19 20 21 23 24 25 27 28 29 31 32 33 35 36 37 39 40 41 43 44 45 47 48 49 51 52 53 55 56 57 59 60 61 63 64 65 67 68 69 71 72 73 75 76 77 79 80 81 83 84 85 87 88 89 91 92 93 95 96 97 99 100 101 103
CX 3 154 7 155 11 156 15 157 19 158 23 159 27 160 31 161 35 162 39 163 43 164 47 165 51 166 55 167 59 168 63 169 67 170 71 171 75 172 79 173 83 174 87 175 91 176 95 177 99 178 103 179
DEPOLARIZE2(0.001) 3 154 7 155 11 156 15 157 19 158 23 159 27 160 31 161 35 162 39 163 43 164 47 165 51 166 55 167 59 168 63 169 67 170 71 171 75 172 79 173 83 174 87 175 91 176 95 177 99 178 103 179
DEPOLARIZE1(0.0001) 0 1 2 4 5 6 8 9 10 12 13 14 16 17 18 20 21 22 24 25 26 28 29 30 32 33 34 36 37 38 40 41 42 44 45 46 48 49 50 52 53 54 56 57 58 60 61 62 64 65 66 68 69 70 72 73 74 76 77 78 80 81 82 84 85 86 88 89 90 92 93 94 96 97 98 100 101 102
CX 104 3 105 7 106 11 107 15 108 19 109 23 110 27 111 31 112 35 113 39 114 43 115 47 116 51 117 55 118 59 119 63 120 67 121 71 122 75 123 79 124 83 125 87 126 91 127 95 128 99 129 103
DEPOLARIZE2(0.001) 104 3 105 7 106 11 107 15 108 19 109 23 110 27 111 31 112 35 113 39 114 43 115 47 116 51 117 55 118 59 119 63 120 67 121 71 122 75 123 79 124 83 125 87 126 91 127 95 128 99 129 103
DEPOLARIZE1(0.0001) 0 1 2 4 5 6 8 9 10 12 13 14 16 17 18 20 21 22 24 25 26 28 29 30 32 33 34 36 37 38 40 41 42 44 45 46 48 49 50 52 53 54 56 57 58 60 61 62 64 65 66 68 69 70 72 73 74 76 77 78 80 81 82 84 85 86 88 89 90 92 93 94 96 97 98 100 101 102
H 104 105 106 107 108 109 110 111 112 113 114 115 116 117 118 119 120 121 122 123 124 125 126 127 128 129
DEPOLARIZE1(0.0001) 104 105 106 107 108 109 110 111 112 113 114 115 116 117 118 119 120 121 122 123 124 125 126 127 128 129
X_ERROR(0.001) 154 155 156 157 158 159 160 161 162 163 164 165 166 167 168 169 170 171 172 173 174 175 176 177 178 179
MR 154 155 156 157 158 159 160 161 162 163 164 165 166 167 168 169 170 171 172 173 174 175 176 177 178 179
X_ERROR(0.001) 154 155 156 157 158 159 160 161 162 163 164 165 166 167 168 169 170 171 172 173 174 175 176 177 178 179 104 105 106 107 108 109 110 111 112 113 114 115 116 117 118 119 120 121 122 123 124 125 126 127 128 129
MR 104 105 106 107 108 109 110 111 112 113 114 115 116 117 118 119 120 121 122 123 124 125 126 127 128 129
X_ERROR(0.001) 104 105 106 107 108 109 110 111 112 113 114 115 116 117 118 119 120 121 122 123 124 125 126 127 128 129
TICK
H 104 105 106 107 108 109 110 111 112 113 114 115 116 117 118 119 120 121 122 123 124 125 126 127 128 129
DEPOLARIZE1(0.0001) 104 105 106 107 108 109 110 111 112 113 114 115 116 117 118 119 120 121 122 123 124 125 126 127 128 129
CX 104 0 105 4 106 8 107 12 108 16 109 20 110 24 111 28 112 32 113 36 114 40 115 44 116 48 117 52 118 56 119 60 120 64 121 68 122 72 123 76 124 80 125 84 126 88 127 92 128 96 129 100
DEPOLARIZE2(0.001) 104 0 105 4 106 8 107 12 108 16 109 20 110 24 111 28 112 32 113 36 114 40 115 44 116 48 117 52 118 56 119 60 120 64 121 68 122 72 123 76 124 80 125 84 126 88 127 92 128 96 129 100
DEPOLARIZE1(0.0001) 1 2 3 5 6 7 9 10 11 13 14 15 17 18 19 21 22 23 25 26 27 29 30 31 33 34 35 37 38 39 41 42 43 45 46 47 49 50 51 53 54 55 57 58 59 61 62 63 65 66 67 69 70 71 73 74 75 77 78 79 81 82 83 85 86 87 89 90 91 93 94 95 97 98 99 101 102 103
CX 0 154 4 155 8 156 12 157 16 158 20 159 24 160 28 161 32 162 36 163 40 164 44 165 48 166 52 167 56 168 60 169 64 170 68 171 72 172 76 173 80 174 84 175 88 176 92 177 96 178 100 179
DEPOLARIZE2(0.001) 0 154 4 155 8 156 12 157 16 158 20 159 24 160 28 161 32 162 36 163 40 164 44 165 48 166 52 167 56 168 60 169 64 170 68 171 72 172 76 173 80 174 84 175 88 176 92 177 96 178 100 179
DEPOLARIZE1(0.0001) 1 2 3 5 6 7 9 10 11 13 14 15 17 18 19 21 22 23 25 26 27 29 30 31 33 34 35 37 38 39 41 42 43 45 46 47 49 50 51 53 54 55 57 58 59 61 62 63 65 66 67 69 70 71 73 74 75 77 78 79 81 82 83 85 86 87 89 90 91 93 94 95 97 98 99 101 102 103
CX 1 154 5 155 9 156 13 157 17 158 21 159 25 160 29 161 33 162 37 163 41 164 45 165 49 166 53 167 57 168 61 169 65 170 69 171 73 172 77 173 81 174 85 175 89 176 93 177 97 178 101 179
DEPOLARIZE2(0.001) 1 154 5 155 9 156 13 157 17 158 21 159 25 160 29 161 33 162 37 163 41 164 45 165 49 166 53 167 57 168 61 169 65 170 69 171 73 172 77 173 81 174 85 175 89 176 93 177 97 178 101 179
DEPOLARIZE1(0.0001) 0 2 3 4 6 7 8 10 11 12 14 15 16 18 19 20 22 23 24 26 27 28 30 31 32 34 35 36 38 39 40 42 43 44 46 47 48 50 51 52 54 55 56 58 59 60 62 63 64 66 67 68 70 71 72 74 75 76 78 79 80 82 83 84 86 87 88 90 91 92 94 95 96 98 99 100 102 103
CX 104 1 105 5 106 9 107 13 108 17 109 21 110 25 111 29 112 33 113 37 114 41 115 45 116 49 117 53 118 57 119 61 120 65 121 69 122 73 123 77 124 81 125 85 126 89 127 93 128 97 129 101
DEPOLARIZE2(0.001) 104 1 105 5 106 9 107 13 108 17 109 21 110 25 111 29 112 33 113 37 114 41 115 45 116 49 117 53 118 57 119 61 120 65 121 69 122 73 123 77 124 81 125 85 126 89 127 93 128 97 129 101
DEPOLARIZE1(0.0001) 0 2 3 4 6 7 8 10 11 12 14 15 16 18 19 20 22 23 24 26 27 28 30 31 32 34 35 36 38 39 40 42 43 44 46 47 48 50 51 52 54 55 56 58 59 60 62 63 64 66 67 68 70 71 72 74 75 76 78 79 80 82 83 84 86 87 88 90 91 92 94 95 96 98 99 100 102 103
CX 104 2 105 6 106 10 107 14 108 18 109 22 110 26 111 30 112 34 113 38 114 42 115 46 116 50 117 54 118 58 119 62 120 66 121 70 122 74 123 78 124 82 125 86 126 90 127 94 128 98 129 102
DEPOLARIZE2(0.001) 104 2 105 6 106 10 107 14 108 18 109 22 110 26 111 30 112 34 113 38 114 42 115 46 116 50 117 54 118 58 119 62 120 66 121 70 122 74 123 78 124 82 125 86 126 90 127 94 128 98 129 102
DEPOLARIZE1(0.0001) 0 1 3 4 5 7 8 9 11 12 13 15 16 17 19 20 21 23 24 25 27 28 29 31 32 33 35 36 37 39 40 41 43 44 45 47 48 49 51 52 53 55 56 57 59 60 61 63 64 65 67 68 69 71 72 73 75 76 77 79 80 81 83 84 85 87 88 89 91 92 93 95 96 97 99 100 101 103
CX 2 154 6 155 10 156 14 157 18 158 22 159 26 160 30 161 34 162 38 163 42 164 46 165 50 166 54 167 58 168 62 169 66 170 70 171 74 172 78 173 82 174 86 175 90 176 94 177 98 178 102 179
DEPOLARIZE2(0.001) 2 154 6 155 10 156 14 157 18 158 22 159 26 160 30 161 34 162 38 163 42 164 46 165 50 166 54 167 58 168 62 169 66 170 70 171 74 172 78 173 82 174 86 175 90 176 94 177 98 178 102 179
DEPOLARIZE1(0.0001) 0 1 3 4 5 7 8 9 11 12 13 15 16 17 19 20 21 23 24 25 27 28 29 31 32 33 35 36 37 39 40 41 43 44 45 47 48 49 51 52 53 55 56 57 59 60 61 63 64 65 67 68 69 71 72 73 75 76 77 79 80 81 83 84 85 87 88 89 91 92 93 95 96 97 99 100 101 103
CX 3 154 7 155 11 156 15 157 19 158 23 159 27 160 31 161 35 162 39 163 43 164 47 165 51 166 55 167 59 168 63 169 67 170 71 171 75 172 79 173 83 174 87 175 91 176 95 177 99 178 103 179
DEPOLARIZE2(0.001) 3 154 7 155 11 156 15 157 19 158 23 159 27 160 31 161 35 162 39 163 43 164 47 165 51 166 55 167 59 168 63 169 67 170 71 171 75 172 79 173 83 174 87 175 91 176 95 177 99 178 103 179
DEPOLARIZE1(0.0001) 0 1 2 4 5 6 8 9 10 12 13 14 16 17 18 20 21 22 24 25 26 28 29 30 32 33 34 36 37 38 40 41 42 44 45 46 48 49 50 52 53 54 56 57 58 60 61 62 64 65 66 68 69 70 72 73 74 76 77 78 80 81 82 84 85 86 88 89 90 92 93 94 96 97 98 100 101 102
CX 104 3 105 7 106 11 107 15 108 19 109 23 110 27 111 31 112 35 113 39 114 43 115 47 116 51 117 55 118 59 119 63 120 67 121 71 122 75 123 79 124 83 125 87 126 91 127 95 128 99 129 103
DEPOLARIZE2(0.001) 104 3 105 7 106 11 107 15 108 19 109 23 110 27 111 31 112 35 113 39 114 43 115 47 116 51 117 55 118 59 119 63 120 67 121 71 122 75 123 79 124 83 125 87 126 91 127 95 128 99 129 103
DEPOLARIZE1(0.0001) 0 1 2 4 5 6 8 9 10 12 13 14 16 17 18 20 21 22 24 25 26 28 29 30 32 33 34 36 37 38 40 41 42 44 45 46 48 49 50 52 53 54 56 57 58 60 61 62 64 65 66 68 69 70 72 73 74 76 77 78 80 81 82 84 85 86 88 89 90 92 93 94 96 97 98 100 101 102
H 104 105 106 107 108 109 110 111 112 113 114 115 116 117 118 119 120 121 122 123 124 125 126 127 128 129
DEPOLARIZE1(0.0001) 104 105 106 107 108 109 110 111 112 113 114 115 116 117 118 119 120 121 122 123 124 125 126 127 128 129
X_ERROR(0.001) 154 155 156 157 158 159 160 161 162 163 164 165 166 167 168 169 170 171 172 173 174 175 176 177 178 179
MR 154 155 156 157 158 159 160 161 162 163 164 165 166 167 168 169 170 171 172 173 174 175 176 177 178 179
X_ERROR(0.001) 154 155 156 157 158 159 160 161 162 163 164 165 166 167 168 169 170 171 172 173 174 175 176 177 178 179 104 105 106 107 108 109 110 111 112 113 114 115 116 117 118 119 120 121 122 123 124 125 126 127 128 129
MR 104 105 106 107 108 109 110 111 112 113 114 115 116 117 118 119 120 121 122 123 124 125 126 127 128 129
X_ERROR(0.001) 104 105 106 107 108 109 110 111 112 113 114 115 116 117 118 119 120 121 122 123 124 125 126 127 128 129
TICK
H 104 105 106 107 108 109 110 111 112 113 114 115 116 117 118 119 120 121 122 123 124 125 126 127 128 129
DEPOLARIZE1(0.0001) 104 105 106 107 108 109 110 111 112 113 114 115 116 117 118 119 120 121 122 123 124 125 126 127 128 129
CX 104 0 105 4 106 8 107 12 108 16 109 20 110 24 111 28 112 32 113 36 114 40 115 44 116 48 117 52 118 56 119 60 120 64 121 68 122 72 123 76 124 80 125 84 126 88 127 92 128 96 129 100
DEPOLARIZE2(0.001) 104 0 105 4 106 8 107 12 108 16 109 20 110 24 111 28 112 32 113 36 114 40 115 44 116 48 117 52 118 56 119 60 120 64 121 68 122 72 123 76 124 80 125 84 126 88 127 92 128 96 129 100
DEPOLARIZE1(0.0001) 1 2 3 5 6 7 9 10 11 13 14 15 17 18 19 21 22 23 25 26 27 29 30 31 33 34 35 37 38 39 41 42 43 45 46 47 49 50 51 53 54 55 57 58 59 61 62 63 65 66 67 69 70 71 73 74 75 77 78 79 81 82 83 85 86 87 89 90 91 93 94 95 97 98 99 101 102 103
CX 0 154 4 155 8 156 12 157 16 158 20 159 24 160 28 161 32 162 36 163 40 164 44 165 48 166 52 167 56 168 60 169 64 170 68 171 72 172 76 173 80 174 84 175 88 176 92 177 96 178 100 179
DEPOLARIZE2(0.001) 0 154 4 155 8 156 12 157 16 158 20 159 24 160 28 161 32 162 36 163 40 164 44 165 48 166 52 167 56 168 60 169 64 170 68 171 72 172 76 173 80 174 84 175 88 176 92 177 96 178 100 179
DEPOLARIZE1(0.0001) 1 2 3 5 6 7 9 10 11 13 14 15 17 18 19 21 22 23 25 26 27 29 30 31 33 34 35 37 38 39 41 42 43 45 46 47 49 50 51 53 54 55 57 58 59 61 62 63 65 66 67 69 70 71 73 74 75 77 78 79 81 82 83 85 86 87 89 90 91 93 94 95 97 98 99 101 102 103
CX 1 154 5 155 9 156 13 157 17 158 21 159 25 160 29 161 33 162 37 163 41 164 45 165 49 166 53 167 57 168 61 169 65 170 69 171 73 172 77 173 81 174 85 175 89 176 93 177 97 178 101 179
DEPOLARIZE2(0.001) 1 154 5 155 9 156 13 157 17 158 21 159 25 160 29 161 33 162 37 163 41 164 45 165 49 166 53 167 57 168 61 169 65 170 69 171 73 172 77 173 81 174 85 175 89 176 93 177 97 178 101 179
DEPOLARIZE1(0.0001) 0 2 3 4 6 7 8 10 11 12 14 15 16 18 19 20 22 23 24 26 27 28 30 31 32 34 35 36 38 39 40 42 43 44 46 47 48 50 51 52 54 55 56 58 59 60 62 63 64 66 67 68 70 71 72 74 75 76 78 79 80 82 83 84 86 87 88 90 91 92 94 95 96 98 99 100 102 103
CX 104 1 105 5 106 9 107 13 108 17 109 21 110 25 111 29 112 33 113 37 114 41 115 45 116 49 117 53 118 57 119 61 120 65 121 69 122 73 123 77 124 81 125 85 126 89 127 93 128 97 129 101
DEPOLARIZE2(0.001) 104 1 105 5 106 9 107 13 108 17 109 21 110 25 111 29 112 33 113 37 114 41 115 45 116 49 117 53 118 57 119 61 120 65 121 69 122 73 123 77 124 81 125 85 126 89 127 93 128 97 129 101
DEPOLARIZE1(0.0001) 0 2 3 4 6 7 8 10 11 12 14 15 16 18 19 20 22 23 24 26 27 28 30 31 32 34 35 36 38 39 40 42 43 44 46 47 48 50 51 52 54 55 56 58 59 60 62 63 64 66 67 68 70 71 72 74 75 76 78 79 80 82 83 84 86 87 88 90 91 92 94 95 96 98 99 100 102 103
CX 104 2 105 6 106 10 107 14 108 18 109 22 110 26 111 30 112 34 113 38 114 42 115 46 116 50 117 54 118 58 119 62 120 66 121 70 122 74 123 78 124 82 125 86 126 90 127 94 128 98 129 102
DEPOLARIZE2(0.001) 104 2 105 6 106 10 107 14 108 18 109 22 110 26 111 30 112 34 113 38 114 42 115 46 116 50 117 54 118 58 119 62 120 66 121 70 122 74 123 78 124 82 125 86 126 90 127 94 128 98 129 102
DEPOLARIZE1(0.0001) 0 1 3 4 5 7 8 9 11 12 13 15 16 17 19 20 21 23 24 25 27 28 29 31 32 33 35 36 37 39 40 41 43 44 45 47 48 49 51 52 53 55 56 57 59 60 61 63 64 65 67 68 69 71 72 73 75 76 77 79 80 81 83 84 85 87 88 89 91 92 93 95 96 97 99 100 101 103
CX 2 154 6 155 10 156 14 157 18 158 22 159 26 160 30 161 34 162 38 163 42 164 46 165 50 166 54 167 58 168 62 169 66 170 70 171 74 172 78 173 82 174 86 175 90 176 94 177 98 178 102 179
DEPOLARIZE2(0.001) 2 154 6 155 10 156 14 157 18 158 22 159 26 160 30 161 34 162 38 163 42 164 46 165 50 166 54 167 58 168 62 169 66 170 70 171 74 172 78 173 82 174 86 175 90 176 94 177 98 178 102 179
DEPOLARIZE1(0.0001) 0 1 3 4 5 7 8 9 11 12 13 15 16 17 19 20 21 23 24 25 27 28 29 31 32 33 35 36 37 39 40 41 43 44 45 47 48 49 51 52 53 55 56 57 59 60 61 63 64 65 67 68 69 71 72 73 75 76 77 79 80 81 83 84 85 87 88 89 91 92 93 95 96 97 99 100 101 103
CX 3 154 7 155 11 156 15 157 19 158 23 159 27 160 31 161 35 162 39 163 43 164 47 165 51 166 55 167 59 168 63 169 67 170 71 171 75 172 79 173 83 174 87 175 91 176 95 177 99 178 103 179
DEPOLARIZE2(0.001) 3 154 7 155 11 156 15 157 19 158 23 159 27 160 31 161 35 162 39 163 43 164 47 165 51 166 55 167 59 168 63 169 67 170 71 171 75 172 79 173 83 174 87 175 91 176 95 177 99 178 103 179
DEPOLARIZE1(0.0001) 0 1 2 4 5 6 8 9 10 12 13 14 16 17 18 20 21 22 24 25 26 28 29 30 32 33 34 36 37 38 40 41 42 44 45 46 48 49 50 52 53 54 56 57 58 60 61 62 64 65 66 68 69 70 72 73 74 76 77 78 80 81 82 84 85 86 88 89 90 92 93 94 96 97 98 100 101 102
CX 104 3 105 7 106 11 107 15 108 19 109 23 110 27 111 31 112 35 113 39 114 43 115 47 116 51 117 55 118 59 119 63 120 67 121 71 122 75 123 79 124 83 125 87 126 91 127 95 128 99 129 103
DEPOLARIZE2(0.001) 104 3 105 7 106 11 107 15 108 19 109 23 110 27 111 31 112 35 113 39 114 43 115 47 116 51 117 55 118 59 119 63 120 67 121 71 122 75 123 79 124 83 125 87 126 91 127 95 128 99 129 103
DEPOLARIZE1(0.0001) 0 1 2 4 5 6 8 9 10 12 13 14 16 17 18 20 21 22 24 25 26 28 29 30 32 33 34 36 37 38 40 41 42 44 45 46 48 49 50 52 53 54 56 57 58 60 61 62 64 65 66 68 69 70 72 73 74 76 77 78 80 81 82 84 85 86 88 89 90 92 93 94 96 97 98 100 101 102
H 104 105 106 107 108 109 110 111 112 113 114 115 116 117 118 119 120 121 122 123 124 125 126 127 128 129
DEPOLARIZE1(0.0001) 104 105 106 107 108 109 110 111 112 113 114 115 116 117 118 119 120 121 122 123 124 125 126 127 128 129
X_ERROR(0.001) 154 155 156 157 158 159 160 161 162 163 164 165 166 167 168 169 170 171 172 173 174 175 176 177 178 179
MR 154 155 156 157 158 159 160 161 162 163 164 165 166 167 168 169 170 171 172 173 174 175 176 177 178 179
X_ERROR(0.001) 154 155 156 157 158 159 160 161 162 163 164 165 166 167 168 169 170 171 172 173 174 175 176 177 178 179 104 105 106 107 108 109 110 111 112 113 114 115 116 117 118 119 120 121 122 123 124 125 126 127 128 129
MR 104 105 106 107 108 109 110 111 112 113 114 115 116 117 118 119 120 121 122 123 124 125 126 127 128 129
X_ERROR(0.001) 104 105 106 107 108 109 110 111 112 113 114 115 116 117 118 119 120 121 122 123 124 125 126 127 128 129
TICK
H 104 105 106 107 108 109 110 111 112 113 114 115 116 117 118 119 120 121 122 123 124 125 126 127 128 129
DEPOLARIZE1(0.0001) 104 105 106 107 108 109 110 111 112 113 114 115 116 117 118 119 120 121 122 123 124 125 126 127 128 129
CX 104 0 105 4 106 8 107 12 108 16 109 20 110 24 111 28 112 32 113 36 114 40 115 44 116 48 117 52 118 56 119 60 120 64 121 68 122 72 123 76 124 80 125 84 126 88 127 92 128 96 129 100
DEPOLARIZE2(0.001) 104 0 105 4 106 8 107 12 108 16 109 20 110 24 111 28 112 32 113 36 114 40 115 44 116 48 117 52 118 56 119 60 120 64 121 68 122 72 123 76 124 80 125 84 126 88 127 92 128 96 129 100
DEPOLARIZE1(0.0001) 1 2 3 5 6 7 9 10 11 13 14 15 17 18 19 21 22 23 25 26 27 29 30 31 33 34 35 37 38 39 41 42 43 45 46 47 49 50 51 53 54 55 57 58 59 61 62 63 65 66 67 69 70 71 73 74 75 77 78 79 81 82 83 85 86 87 89 90 91 93 94 95 97 98 99 101 102 103
CX 0 154 4 155 8 156 12 157 16 158 20 159 24 160 28 161 32 162 36 163 40 164 44 165 48 166 52 167 56 168 60 169 64 170 68 171 72 172 76 173 80 174 84 175 88 176 92 177 96 178 100 179
DEPOLARIZE2(0.001) 0 154 4 155 8 156 12 157 16 158 20 159 24 160 28 161 32 162 36 163 40 164 44 165 48 166 52 167 56 168 60 169 64 170 68 171 72 172 76 173 80 174 84 175 88 176 92 177 96 178 100 179
DEPOLARIZE1(0.0001) 1 2 3 5 6 7 9 10 11 13 14 15 17 18 19 21 22 23 25 26 27 29 30 31 33 34 35 37 38 39 41 42 43 45 46 47 49 50 51 53 54 55 57 58 59 61 62 63 65 66 67 69 70 71 73 74 75 77 78 79 81 82 83 85 86 87 89 90 91 93 94 95 97 98 99 101 102 103
CX 1 154 5 155 9 156 13 157 17 158 21 159 25 160 29 161 33 162 37 163 41 164 45 165 49 166 53 167 57 168 61 169 65 170 69 171 73 172 77 173 81 174 85 175 89 176 93 177 97 178 101 179
DEPOLARIZE2(0.001) 1 154 5 155 9 156 13 157 17 158 21 159 25 160 29 161 33 162 37 163 41 164 45 165 49 166 53 167 57 168 61 169 65 170 69 171 73 172 77 173 81 174 85 175 89 176 93 177 97 178 101 179
DEPOLARIZE1(0.0001) 0 2 3 4 6 7 8 10 11 12 14 15 16 18 19 20 22 23 24 26 27 28 30 31 32 34 35 36 38 39 40 42 43 44 46 47 48 50 51 52 54 55 56 58 59 60 62 63 64 66 67 68 70 71 72 74 75 76 78 79 80 82 83 84 86 87 88 90 91 92 94 95 96 98 99 100 102 103
CX 104 1 105 5 106 9 107 13 108 17 109 21 110 25 111 29 112 33 113 37 114 41 115 45 116 49 117 53 118 57 119 61 120 65 121 69 122 73 123 77 124 81 125 85 126 89 127 93 128 97 129 101
DEPOLARIZE2(0.001) 104 1 105 5 106 9 107 13 108 17 109 21 110 25 111 29 112 33 113 37 114 41 115 45 116 49 117 53 118 57 119 61 120 65 121 69 122 73 123 77 124 81 125 85 126 89 127 93 128 97 129 101
DEPOLARIZE1(0.0001) 0 2 3 4 6 7 8 10 11 12 14 15 16 18 19 20 22 23 24 26 27 28 30 31 32 34 35 36 38 39 40 42 43 44 46 47 48 50 51 52 54 55 56 58 59 60 62 63 64 66 67 68 70 71 72 74 75 76 78 79 80 82 83 84 86 87 88 90 91 92 94 95 96 98 99 100 102 103
CX 104 2 105 6 106 10 107 14 108 18 109 22 110 26 111 30 112 34 113 38 114 42 115 46 116 50 117 54 118 58 119 62 120 66 121 70 122 74 123 78 124 82 125 86 126 90 127 94 128 98 129 102
DEPOLARIZE2(0.001) 104 2 105 6 106 10 107 14 108 18 109 22 110 26 111 30 112 34 113 38 114 42 115 46 116 50 117 54 118 58 119 62 120 66 121 70 122 74 123 78 124 82 125 86 126 90 127 94 128 98 129 102
DEPOLARIZE1(0.0001) 0 1 3 4 5 7 8 9 11 12 13 15 16 17 19 20 21 23 24 25 27 28 29 31 32 33 35 36 37 39 40 41 43 44 45 47 48 49 51 52 53 55 56 57 59 60 61 63 64 65 67 68 69 71 72 73 75 76 77 79 80 81 83 84 85 87 88 89 91 92 93 95 96 97 99 100 101 103
CX 2 154 6 155 10 156 14 157 18 158 22 159 26 160 30 161 34 162 38 163 42 164 46 165 50 166 54 167 58 168 62 169 66 170 70 171 74 172 78 173 82 174 86 175 90 176 94 177 98 178 102 179
DEPOLARIZE2(0.001) 2 154 6 155 10 156 14 157 18 158 22 159 26 160 30 161 34 162 38 163 42 164 46 165 50 166 54 167 58 168 62 169 66 170 70 171 74 172 78 173 82 174 86 175 90 176 94 177 98 178 102 179
DEPOLARIZE1(0.0001) 0 1 3 4 5 7 8 9 11 12 13 15 16 17 19 20 21 23 24 25 27 28 29 31 32 33 35 36 37 39 40 41 43 44 45 47 48 49 51 52 53 55 56 57 59 60 61 63 64 65 67 68 69 71 72 73 75 76 77 79 80 81 83 84 85 87 88 89 91 92 93 95 96 97 99 100 101 103
CX 3 154 7 155 11 156 15 157 19 158 23 159 27 160 31 161 35 162 39 163 43 164 47 165 51 166 55 167 59 168 63 169 67 170 71 171 75 172 79 173 83 174 87 175 91 176 95 177 99 178 103 179
DEPOLARIZE2(0.001) 3 154 7 155 11 156 15 157 19 158 23 159 27 160 31 161 35 162 39 163 43 164 47 165 51 166 55 167 59 168 63 169 67 170 71 171 75 172 79 173 83 174 87 175 91 176 95 177 99 178 103 179
DEPOLARIZE1(0.0001) 0 1 2 4 5 6 8 9 10 12 13 14 16 17 18 20 21 22 24 25 26 28 29 30 32 33 34 36 37 38 40 41 42 44 45 46 48 49 50 52 53 54 56 57 58 60 61 62 64 65 66 68 69 70 72 73 74 76 77 78 80 81 82 84 85 86 88 89 90 92 93 94 96 97 98 100 101 102
CX 104 3 105 7 106 11 107 15 108 19 109 23 110 27 111 31 112 35 113 39 114 43 115 47 116 51 117 55 118 59 119 63 120 67 121 71 122 75 123 79 124 83 125 87 126 91 127 95 128 99 129 103
DEPOLARIZE2(0.001) 104 3 105 7 106 11 107 15 108 19 109 23 110 27 111 31 112 35 113 39 114 43 115 47 116 51 117 55 118 59 119 63 120 67 121 71 122 75 123 79 124 83 125 87 126 91 127 95 128 99 129 103
DEPOLARIZE1(0.0001) 0 1 2 4 5 6 8 9 10 12 13 14 16 17 18 20 21 22 24 25 26 28 29 30 32 33 34 36 37 38 40 41 42 44 45 46 48 49 50 52 53 54 56 57 58 60 61 62 64 65 66 68 69 70 72 73 74 76 77 78 80 81 82 84 85 86 88 89 90 92 93 94 96 97 98 100 101 102
H 104 105 106 107 108 109 110 111 112 113 114 115 116 117 118 119 120 121 122 123 124 125 126 127 128 129
DEPOLARIZE1(0.0001) 104 105 106 107 108 109 110 111 112 113 114 115 116 117 118 119 120 121 122 123 124 125 126 127 128 129
X_ERROR(0.001) 154 155 156 157 158 159 160 161 162 163 164 165 166 167 168 169 170 171 172 173 174 175 176 177 178 179
MR 154 155 156 157 158 159 160 161 162 163 164 165 166 167 168 169 170 171 172 173 174 175 176 177 178 179
X_ERROR(0.001) 154 155 156 157 158 159 160 161 162 163 164 165 166 167 168 169 170 171 172 173 174 175 176 177 178 179 104 105 106 107 108 109 110 111 112 113 114 115 116 117 118 119 120 121 122 123 124 125 126 127 128 129
MR 104 105 106 107 108 109 110 111 112 113 114 115 116 117 118 119 120 121 122 123 124 125 126 127 128 129
X_ERROR(0.001) 104 105 106 107 108 109 110 111 112 113 114 115 116 117 118 119 120 121 122 123 124 125 126 127 128 129
TICK
H 104 105 106 107 108 109 110 111 112 113 114 115 116 117 118 119 120 121 122 123 124 125 126 127 128 129
DEPOLARIZE1(0.0001) 104 105 106 107 108 109 110 111 112 113 114 115 116 117 118 119 120 121 122 123 124 125 126 127 128 129
CX 104 0 105 4 106 8 107 12 108 16 109 20 110 24 111 28 112 32 113 36 114 40 115 44 116 48 117 52 118 56 119 60 120 64 121 68 122 72 123 76 124 80 125 84 126 88 127 92 128 96 129 100
DEPOLARIZE2(0.001) 104 0 105 4 106 8 107 12 108 16 109 20 110 24 111 28 112 32 113 36 114 40 115 44 116 48 117 52 118 56 119 60 120 64 121 68 122 72 123 76 124 80 125 84 126 88 127 92 128 96 129 100
DEPOLARIZE1(0.0001) 1 2 3 5 6 7 9 10 11 13 14 15 17 18 19 21 22 23 25 26 27 29 30 31 33 34 35 37 38 39 41 42 43 45 46 47 49 50 51 53 54 55 57 58 59 61 62 63 65 66 67 69 70 71 73 74 75 77 78 79 81 82 83 85 86 87 89 90 91 93 94 95 97 98 99 101 102 103
CX 0 154 4 155 8 156 12 157 16 158 20 159 24 160 28 161 32 162 36 163 40 164 44 165 48 166 52 167 56 168 60 169 64 170 68 171 72 172 76 173 80 174 84 175 88 176 92 177 96 178 100 179
DEPOLARIZE2(0.001) 0 154 4 155 8 156 12 157 16 158 20 159 24 160 28 161 32 162 36 163 40 164 44 165 48 166 52 167 56 168 60 169 64 170 68 171 72 172 76 173 80 174 84 175 88 176 92 177 96 178 100 179
DEPOLARIZE1(0.0001) 1 2 3 5 6 7 9 10 11 13 14 15 17 18 19 21 22 23 25 26 27 29 30 31 33 34 35 37 38 39 41 42 43 45 46 47 49 50 51 53 54 55 57 58 59 61 62 63 65 66 67 69 70 71 73 74 75 77 78 79 81 82 83 85 86 87 89 90 91 93 94 95 97 98 99 101 102 103
CX 1 154 5 155 9 156 13 157 17 158 21 159 25 160 29 161 33 162 37 163 41 164 45 165 49 166 53 167 57 168 61 169 65 170 69 171 73 172 77 173 81 174 85 175 89 176 93 177 97 178 101 179
DEPOLARIZE2(0.001) 1 154 5 155 9 156 13 157 17 158 21 159 25 160 29 161 33 162 37 163 41 164 45 165 49 166 53 167 57 168 61 169 65 170 69 171 73 172 77 173 81 174 85 175 89 176 93 177 97 178 101 179
DEPOLARIZE1(0.0001) 0 2 3 4 6 7 8 10 11 12 14 15 16 18 19 20 22 23 24 26 27 28 30 31 32 34 35 36 38 39 40 42 43 44 46 47 48 50 51 52 54 55 56 58 59 60 62 63 64 66 67 68 70 71 72 74 75 76 78 79 80 82 83 84 86 87 88 90 91 92 94 95 96 98 99 100 102 103
CX 104 1 105 5 106 9 107 13 108 17 109 21 110 25 111 29 112 33 113 37 114 41 115 45 116 49 117 53 118 57 119 61 120 65 121 69 122 73 123 77 124 81 125 85 126 89 127 93 128 97 129 101
DEPOLARIZE2(0.001) 104 1 105 5 106 9 107 13 108 17 109 21 110 25 111 29 112 33 113 37 114 41 115 45 116 49 117 53 118 57 119 61 120 65 121 69 122 73 123 77 124 81 125 85 126 89 127 93 128 97 129 101
DEPOLARIZE1(0.0001) 0 2 3 4 6 7 8 10 11 12 14 15 16 18 19 20 22 23 24 26 27 28 30 31 32 34 35 36 38 39 40 42 43 44 46 47 48 50 51 52 54 55 56 58 59 60 62 63 64 66 67 68 70 71 72 74 75 76 78 79 80 82 83 84 86 87 88 90 91 92 94 95 96 98 99 100 102 103
CX 104 2 105 6 106 10 107 14 108 18 109 22 110 26 111 30 112 34 113 38 114 42 115 46 116 50 117 54 118 58 119 62 120 66 121 70 122 74 123 78 124 82 125 86 126 90 127 94 128 98 129 102
DEPOLARIZE2(0.001) 104 2 105 6 106 10 107 14 108 18 109 22 110 26 111 30 112 34 113 38 114 42 115 46 116 50 117 54 118 58 119 62 120 66 121 70 122 74 123 78 124 82 125 86 126 90 127 94 128 98 129 102
DEPOLARIZE1(0.0001) 0 1 3 4 5 7 8 9 11 12 13 15 16 17 19 20 21 23 24 25 27 28 29 31 32 33 35 36 37 39 40 41 43 44 45 47 48 49 51 52 53 55 56 57 59 60 61 63 64 65 67 68 69 71 72 73 75 76 77 79 80 81 83 84 85 87 88 89 91 92 93 95 96 97 99 100 101 103
CX 2 154 6 155 10 156 14 157 18 158 22 159 26 160 30 161 34 162 38 163 42 164 46 165 50 166 54 167 58 168 62 169 66 170 70 171 74 172 78 173 82 174 86 175 90 176 94 177 98 178 102 179
DEPOLARIZE2(0.001) 2 154 6 155 10 156 14 157 18 158 22 159 26 160 30 161 34 162 38 163 42 164 46 165 50 166 54 167 58 168 62 169 66 170 70 171 74 172 78 173 82 174 86 175 90 176 94 177 98 178 102 179
DEPOLARIZE1(0.0001) 0 1 3 4 5 7 8 9 11 12 13 15 16 17 19 20 21 23 24 25 27 28 29 31 32 33 35 36 37 39 40 41 43 44 45 47 48 49 51 52 53 55 56 57 59 60 61 63 64 65 67 68 69 71 72 73 75 76 77 79 80 81 83 84 85 87 88 89 91 92 93 95 96 97 99 100 101 103
CX 3 154 7 155 11 156 15 157 19 158 23 159 27 160 31 161 35 162 39 163 43 164 47 165 51 166 55 167 59 168 63 169 67 170 71 171 75 172 79 173 83 174 87 175 91 176 95 177 99 178 103 179
DEPOLARIZE2(0.001) 3 154 7 155 11 156 15 157 19 158 23 159 27 160 31 161 35 162 39 163 43 164 47 165 51 166 55 167 59 168 63 169 67 170 71 171 75 172 79 173 83 174 87 175 91 176 95 177 99 178 103 179
DEPOLARIZE1(0.0001) 0 1 2 4 5 6 8 9 10 12 13 14 16 17 18 20 21 22 24 25 26 28 29 30 32 33 34 36 37 38 40 41 42 44 45 46 48 49 50 52 53 54 56 57 58 60 61 62 64 65 66 68 69 70 72 73 74 76 77 78 80 81 82 84 85 86 88 89 90 92 93 94 96 97 98 100 101 102
CX 104 3 105 7 106 11 107 15 108 19 109 23 110 27 111 31 112 35 113 39 114 43 115 47 116 51 117 55 118 59 119 63 120 67 121 71 122 75 123 79 124 83 125 87 126 91 127 95 128 99 129 103
DEPOLARIZE2(0.001) 104 3 105 7 106 11 107 15 108 19 109 23 110 27 111 31 112 35 113 39 114 43 115 47 116 51 117 55 118 59 119 63 120 67 121 71 122 75 123 79 124 83 125 87 126 91 127 95 128 99 129 103
DEPOLARIZE1(0.0001) 0 1 2 4 5 6 8 9 10 12 13 14 16 17 18 20 21 22 24 25 26 28 29 30 32 33 34 36 37 38 40 41 42 44 45 46 48 49 50 52 53 54 56 57 58 60 61 62 64 65 66 68 69 70 72 73 74 76 77 78 80 81 82 84 85 86 88 89 90 92 93 94 96 97 98 100 101 102
H 104 105 106 107 108 109 110 111 112 113 114 115 116 117 118 119 120 121 122 123 124 125 126 127 128 129
DEPOLARIZE1(0.0001) 104 105 106 107 108 109 110 111 112 113 114 115 116 117 118 119 120 121 122 123 124 125 126 127 128 129
X_ERROR(0.001) 154 155 156 157 158 159 160 161 162 163 164 165 166 167 168 169 170 171 172 173 174 175 176 177 178 179
MR 154 155 156 157 158 159 160 161 162 163 164 165 166 167 168 169 170 171 172 173 174 175 176 177 178 179
X_ERROR(0.001) 154 155 156 157 158 159 160 161 162 163 164 165 166 167 168 169 170 171 172 173 174 175 176 177 178 179 104 105 106 107 108 109 110 111 112 113 114 115 116 117 118 119 120 121 122 123 124 125 126 127 128 129
MR 104 105 106 107 108 109 110 111 112 113 114 115 116 117 118 119 120 121 122 123 124 125 126 127 128 129
X_ERROR(0.001) 104 105 106 107 108 109 110 111 112 113 114 115 116 117 118 119 120 121 122 123 124 125 126 127 128 129
H 130 131 137
DEPOLARIZE1(0.0001) 130 131 137
CX 130 0
DEPOLARIZE2(0.001) 130 0
CX 131 12
DEPOLARIZE2(0.001) 131 12
CX 137 80
DEPOLARIZE2(0.001) 137 80
DEPOLARIZE1(0.0001) 1 2 3 4 5 6 7 8 9 10 11 13 14 15 16 17 18 19 20 21 22 23 24 25 26 27 28 29 30 31 32 33 34 35 36 37 38 39 40 41 42 43 44 45 46 47 48 49 50 51 52 53 54 55 56 57 58 59 60 61 62 63 64 65 66 67 68 69 70 71 72 73 74 75 76 77 78 79 81 82 83 84 85 86 87 88 89 90 91 92 93 94 95 96 97 98 99 100 101 102 103
CX 131 0
DEPOLARIZE2(0.001) 131 0
CX 130 12
DEPOLARIZE2(0.001) 130 12
CX 137 44
DEPOLARIZE2(0.001) 137 44
DEPOLARIZE1(0.0001) 1 2 3 4 5 6 7 8 9 10 11 13 14 15 16 17 18 19 20 21 22 23 24 25 26 27 28 29 30 31 32 33 34 35 36 37 38 39 40 41 42 43 45 46 47 48 49 50 51 52 53 54 55 56 57 58 59 60 61 62 63 64 65 66 67 68 69 70 71 72 73 74 75 76 77 78 79 80 81 82 83 84 85 86 87 88 89 90 91 92 93 94 95 96 97 98 99 100 101 102 103
CX 137 0
DEPOLARIZE2(0.001) 137 0
CX 131 40
DEPOLARIZE2(0.001) 131 40
CX 130 20
DEPOLARIZE2(0.001) 130 20
DEPOLARIZE1(0.0001) 1 2 3 4 5 6 7 8 9 10 11 12 13 14 15 16 17 18 19 21 22 23 24 25 26 27 28 29 30 31 32 33 34 35 36 37 38 39 41 42 43 44 45 46 47 48 49 50 51 52 53 54 55 56 57 58 59 60 61 62 63 64 65 66 67 68 69 70 71 72 73 74 75 76 77 78 79 80 81 82 83 84 85 86 87 88 89 90 91 92 93 94 95 96 97 98 99 100 101 102 103
CX 131 20
DEPOLARIZE2(0.001) 131 20
CX 137 12
DEPOLARIZE2(0.001) 137 12
CX 130 24
DEPOLARIZE2(0.001) 130 24
DEPOLARIZE1(0.0001) 0 1 2 3 4 5 6 7 8 9 10 11 13 14 15 16 17 18 19 21 22 23 25 26 27 28 29 30 31 32 33 34 35 36 37 38 39 40 41 42 43 44 45 46 47 48 49 50 51 52 53 54 55 56 57 58 59 60 61 62 63 64 65 66 67 68 69 70 71 72 73 74 75 76 77 78 79 80 81 82 83 84 85 86 87 88 89 90 91 92 93 94 95 96 97 98 99 100 101 102 103
CX 131 80
DEPOLARIZE2(0.001) 131 80
CX 137 40
DEPOLARIZE2(0.001) 137 40
DEPOLARIZE1(0.0001) 0 1 2 3 4 5 6 7 8 9 10 11 12 13 14 15 16 17 18 19 20 21 22 23 24 25 26 27 28 29 30 31 32 33 34 35 36 37 38 39 41 42 43 44 45 46 47 48 49 50 51 52 53 54 55 56 57 58 59 60 61 62 63 64 65 66 67 68 69 70 71 72 73 74 75 76 77 78 79 81 82 83 84 85 86 87 88 89 90 91 92 93 94 95 96 97 98 99 100 101 102 103
CX 130 1
DEPOLARIZE2(0.001) 130 1
CX 137 14
DEPOLARIZE2(0.001) 137 14
CX 131 2
DEPOLARIZE2(0.001) 131 2
DEPOLARIZE1(0.0001) 0 3 4 5 6 7 8 9 10 11 12 13 15 16 17 18 19 20 21 22 23 24 25 26 27 28 29 30 31 32 33 34 35 36 37 38 39 40 41 42 43 44 45 46 47 48 49 50 51 52 53 54 55 56 57 58 59 60 61 62 63 64 65 66 67 68 69 70 71 72 73 74 75 76 77 78 79 80 81 82 83 84 85 86 87 88 89 90 91 92 93 94 95 96 97 98 99 100 101 102 103
CX 131 21
DEPOLARIZE2(0.001) 131 21
CX 130 13
DEPOLARIZE2(0.001) 130 13
CX 137 2
DEPOLARIZE2(0.001) 137 2
DEPOLARIZE1(0.0001) 0 1 3 4 5 6 7 8 9 10 11 12 14 15 16 17 18 19 20 22 23 24 25 26 27 28 29 30 31 32 33 34 35 36 37 38 39 40 41 42 43 44 45 46 47 48 49 50 51 52 53 54 55 56 57 58 59 60 61 62 63 64 65 66 67 68 69 70 71 72 73 74 75 76 77 78 79 80 81 82 83 84 85 86 87 88 89 90 91 92 93 94 95 96 97 98 99 100 101 102 103
CX 130 22
DEPOLARIZE2(0.001) 130 22
CX 137 42
DEPOLARIZE2(0.001) 137 42
CX 131 13
DEPOLARIZE2(0.001) 131 13
DEPOLARIZE1(0.0001) 0 1 2 3 4 5 6 7 8 9 10 11 12 14 15 16 17 18 19 20 21 23 24 25 26 27 28 29 30 31 32 33 34 35 36 37 38 39 40 41 43 44 45 46 47 48 49 50 51 52 53 54 55 56 57 58 59 60 61 62 63 64 65 66 67 68 69 70 71 72 73 74 75 76 77 78 79 80 81 82 83 84 85 86 87 88 89 90 91 92 93 94 95 96 97 98 99 100 101 102 103
CX 137 46
DEPOLARIZE2(0.001) 137 46
CX 130 26
DEPOLARIZE2(0.001) 130 26
CX 131 42
DEPOLARIZE2(0.001) 131 42
DEPOLARIZE1(0.0001) 0 1 2 3 4 5 6 7 8 9 10 11 12 13 14 15 16 17 18 19 20 21 22 23 24 25 27 28 29 30 31 32 33 34 35 36 37 38 39 40 41 43 44 45 47 48 49 50 51 52 53 54 55 56 57 58 59 60 61 62 63 64 65 66 67 68 69 70 71 72 73 74 75 76 77 78 79 80 81 82 83 84 85 86 87 88 89 90 91 92 93 94 95 96 97 98 99 100 101 102 103
CX 137 82
DEPOLARIZE2(0.001) 137 82
CX 131 81
DEPOLARIZE2(0.001) 131 81
DEPOLARIZE1(0.0001) 0 1 2 3 4 5 6 7 8 9 10 11 12 13 14 15 16 17 18 19 20 21 22 23 24 25 26 27 28 29 30 31 32 33 34 35 36 37 38 39 40 41 42 43 44 45 46 47 48 49 50 51 52 53 54 55 56 57 58 59 60 61 62 63 64 65 66 67 68 69 70 71 72 73 74 75 76 77 78 79 80 83 84 85 86 87 88 89 90 91 92 93 94 95 96 97 98 99 100 101 102 103
H 130 131 137
DEPOLARIZE1(0.0001) 130 131 137
X_ERROR(0.001) 130 131 137
MR 130 131 137
X_ERROR(0.001) 130 131 137
TICK
H 104 105 106 107 108 109 110 111 112 113 114 115 116 117 118 119 120 121 122 123 124 125 126 127 128 129
DEPOLARIZE1(0.0001) 104 105 106 107 108 109 110 111 112 113 114 115 116 117 118 119 120 121 122 123 124 125 126 127 128 129
CX 104 0 105 4 106 8 107 12 108 16 109 20 110 24 111 28 112 32 113 36 114 40 115 44 116 48 117 52 118 56 119 60 120 64 121 68 122 72 123 76 124 80 125 84 126 88 127 92 128 96 129 100
DEPOLARIZE2(0.001) 104 0 105 4 106 8 107 12 108 16 109 20 110 24 111 28 112 32 113 36 114 40 115 44 116 48 117 52 118 56 119 60 120 64 121 68 122 72 123 76 124 80 125 84 126 88 127 92 128 96 129 100
DEPOLARIZE1(0.0001) 1 2 3 5 6 7 9 10 11 13 14 15 17 18 19 21 22 23 25 26 27 29 30 31 33 34 35 37 38 39 41 42 43 45 46 47 49 50 51 53 54 55 57 58 59 61 62 63 65 66 67 69 70 71 73 74 75 77 78 79 81 82 83 85 86 87 89 90 91 93 94 95 97 98 99 101 102 103
CX 0 154 4 155 8 156 12 157 16 158 20 159 24 160 28 161 32 162 36 163 40 164 44 165 48 166 52 167 56 168 60 169 64 170 68 171 72 172 76 173 80 174 84 175 88 176 92 177 96 178 100 179
DEPOLARIZE2(0.001) 0 154 4 155 8 156 12 157 16 158 20 159 24 160 28 161 32 162 36 163 40 164 44 165 48 166 52 167 56 168 60 169 64 170 68 171 72 172 76 173 80 174 84 175 88 176 92 177 96 178 100 179
DEPOLARIZE1(0.0001) 1 2 3 5 6 7 9 10 11 13 14 15 17 18 19 21 22 23 25 26 27 29 30 31 33 34 35 37 38 39 41 42 43 45 46 47 49 50 51 53 54 55 57 58 59 61 62 63 65 66 67 69 70 71 73 74 75 77 78 79 81 82 83 85 86 87 89 90 91 93 94 95 97 98 99 101 102 103
CX 1 154 5 155 9 156 13 157 17 158 21 159 25 160 29 161 33 162 37 163 41 164 45 165 49 166 53 167 57 168 61 169 65 170 69 171 73 172 77 173 81 174 85 175 89 176 93 177 97 178 101 179
DEPOLARIZE2(0.001) 1 154 5 155 9 156 13 157 17 158 21 159 25 160 29 161 33 162 37 163 41 164 45 165 49 166 53 167 57 168 61 169 65 170 69 171 73 172 77 173 81 174 85 175 89 176 93 177 97 178 101 179
DEPOLARIZE1(0.0001) 0 2 3 4 6 7 8 10 11 12 14 15 16 18 19 20 22 23 24 26 27 28 30 31 32 34 35 36 38 39 40 42 43 44 46 47 48 50 51 52 54 55 56 58 59 60 62 63 64 66 67 68 70 71 72 74 75 76 78 79 80 82 83 84 86 87 88 90 91 92 94 95 96 98 99 100 102 103
CX 104 1 105 5 106 9 107 13 108 17 109 21 110 25 111 29 112 33 113 37 114 41 115 45 116 49 117 53 118 57 119 61 120 65 121 69 122 73 123 77 124 81 125 85 126 89 127 93 128 97 129 101
DEPOLARIZE2(0.001) 104 1 105 5 106 9 107 13 108 17 109 21 110 25 111 29 112 33 113 37 114 41 115 45 116 49 117 53 118 57 119 61 120 65 121 69 122 73 123 77 124 81 125 85 126 89 127 93 128 97 129 101
DEPOLARIZE1(0.0001) 0 2 3 4 6 7 8 10 11 12 14 15 16 18 19 20 22 23 24 26 27 28 30 31 32 34 35 36 38 39 40 42 43 44 46 47 48 50 51 52 54 55 56 58 59 60 62 63 64 66 67 68 70 71 72 74 75 76 78 79 80 82 83 84 86 87 88 90 91 92 94 95 96 98 99 100 102 103
CX 104 2 105 6 106 10 107 14 108 18 109 22 110 26 111 30 112 34 113 38 114 42 115 46 116 50 117 54 118 58 119 62 120 66 121 70 122 74 123 78 124 82 125 86 126 90 127 94 128 98 129 102
DEPOLARIZE2(0.001) 104 2 105 6 106 10 107 14 108 18 109 22 110 26 111 30 112 34 113 38 114 42 115 46 116 50 117 54 118 58 119 62 120 66 121 70 122 74 123 78 124 82 125 86 126 90 127 94 128 98 129 102
DEPOLARIZE1(0.0001) 0 1 3 4 5 7 8 9 11 12 13 15 16 17 19 20 21 23 24 25 27 28 29 31 32 33 35 36 37 39 40 41 43 44 45 47 48 49 51 52 53 55 56 57 59 60 61 63 64 65 67 68 69 71 72 73 75 76 77 79 80 81 83 84 85 87 88 89 91 92 93 95 96 97 99 100 101 103
CX 2 154 6 155 10 156 14 157 18 158 22 159 26 160 30 161 34 162 38 163 42 164 46 165 50 166 54 167 58 168 62 169 66 170 70 171 74 172 78 173 82 174 86 175 90 176 94 177 98 178 102 179
DEPOLARIZE2(0.001) 2 154 6 155 10 156 14 157 18 158 22 159 26 160 30 161 34 162 38 163 42 164 46 165 50 166 54 167 58 168 62 169 66 170 70 171 74 172 78 173 82 174 86 175 90 176 94 177 98 178 102 179
DEPOLARIZE1(0.0001) 0 1 3 4 5 7 8 9 11 12 13 15 16 17 19 20 21 23 24 25 27 28 29 31 32 33 35 36 37 39 40 41 43 44 45 47 48 49 51 52 53 55 56 57 59 60 61 63 64 65 67 68 69 71 72 73 75 76 77 79 80 81 83 84 85 87 88 89 91 92 93 95 96 97 99 100 101 103
CX 3 154 7 155 11 156 15 157 19 158 23 159 27 160 31 161 35 162 39 163 43 164 47 165 51 166 55 167 59 168 63 169 67 170 71 171 75 172 79 173 83 174 87 175 91 176 95 177 99 178 103 179
DEPOLARIZE2(0.001) 3 154 7 155 11 156 15 157 19 158 23 159 27 160 31 161 35 162 39 163 43 164 47 165 51 166 55 167 59 168 63 169 67 170 71 171 75 172 79 173 83 174 87 175 91 176 95 177 99 178 103 179
DEPOLARIZE1(0.0001) 0 1 2 4 5 6 8 9 10 12 13 14 16 17 18 20 21 22 24 25 26 28 29 30 32 33 34 36 37 38 40 41 42 44 45 46 48 49 50 52 53 54 56 57 58 60 61 62 64 65 66 68 69 70 72 73 74 76 77 78 80 81 82 84 85 86 88 89 90 92 93 94 96 97 98 100 101 102
CX 104 3 105 7 106 11 107 15 108 19 109 23 110 27 111 31 112 35 113 39 114 43 115 47 116 51 117 55 118 59 119 63 120 67 121 71 122 75 123 79 124 83 125 87 126 91 127 95 128 99 129 103
DEPOLARIZE2(0.001) 104 3 105 7 106 11 107 15 108 19 109 23 110 27 111 31 112 35 113 39 114 43 115 47 116 51 117 55 118 59 119 63 120 67 121 71 122 75 123 79 124 83 125 87 126 91 127 95 128 99 129 103
DEPOLARIZE1(0.0001) 0 1 2 4 5 6 8 9 10 12 13 14 16 17 18 20 21 22 24 25 26 28 29 30 32 33 34 36 37 38 40 41 42 44 45 46 48 49 50 52 53 54 56 57 58 60 61 62 64 65 66 68 69 70 72 73 74 76 77 78 80 81 82 84 85 86 88 89 90 92 93 94 96 97 98 100 101 102
H 104 105 106 107 108 109 110 111 112 113 114 115 116 117 118 119 120 121 122 123 124 125 126 127 128 129
DEPOLARIZE1(0.0001) 104 105 106 107 108 109 110 111 112 113 114 115 116 117 118 119 120 121 122 123 124 125 126 127 128 129
X_ERROR(0.001) 154 155 156 157 158 159 160 161 162 163 164 165 166 167 168 169 170 171 172 173 174 175 176 177 178 179
MR 154 155 156 157 158 159 160 161 162 163 164 165 166 167 168 169 170 171 172 173 174 175 176 177 178 179
X_ERROR(0.001) 154 155 156 157 158 159 160 161 162 163 164 165 166 167 168 169 170 171 172 173 174 175 176 177 178 179 104 105 106 107 108 109 110 111 112 113 114 115 116 117 118 119 120 121 122 123 124 125 126 127 128 129
MR 104 105 106 107 108 109 110 111 112 113 114 115 116 117 118 119 120 121 122 123 124 125 126 127 128 129
X_ERROR(0.001) 104 105 106 107 108 109 110 111 112 113 114 115 116 117 118 119 120 121 122 123 124 125 126 127 128 129
H 130 131 137
DEPOLARIZE1(0.0001) 130 131 137
CX 130 0
DEPOLARIZE2(0.001) 130 0
CX 131 12
DEPOLARIZE2(0.001) 131 12
CX 137 80
DEPOLARIZE2(0.001) 137 80
DEPOLARIZE1(0.0001) 1 2 3 4 5 6 7 8 9 10 11 13 14 15 16 17 18 19 20 21 22 23 24 25 26 27 28 29 30 31 32 33 34 35 36 37 38 39 40 41 42 43 44 45 46 47 48 49 50 51 52 53 54 55 56 57 58 59 60 61 62 63 64 65 66 67 68 69 70 71 72 73 74 75 76 77 78 79 81 82 83 84 85 86 87 88 89 90 91 92 93 94 95 96 97 98 99 100 101 102 103
CX 131 0
DEPOLARIZE2(0.001) 131 0
CX 130 12
DEPOLARIZE2(0.001) 130 12
CX 137 44
DEPOLARIZE2(0.001) 137 44
DEPOLARIZE1(0.0001) 1 2 3 4 5 6 7 8 9 10 11 13 14 15 16 17 18 19 20 21 22 23 24 25 26 27 28 29 30 31 32 33 34 35 36 37 38 39 40 41 42 43 45 46 47 48 49 50 51 52 53 54 55 56 57 58 59 60 61 62 63 64 65 66 67 68 69 70 71 72 73 74 75 76 77 78 79 80 81 82 83 84 85 86 87 88 89 90 91 92 93 94 95 96 97 98 99 100 101 102 103
CX 137 0
DEPOLARIZE2(0.001) 137 0
CX 131 40
DEPOLARIZE2(0.001) 131 40
CX 130 20
DEPOLARIZE2(0.001) 130 20
DEPOLARIZE1(0.0001) 1 2 3 4 5 6 7 8 9 10 11 12 13 14 15 16 17 18 19 21 22 23 24 25 26 27 28 29 30 31 32 33 34 35 36 37 38 39 41 42 43 44 45 46 47 48 49 50 51 52 53 54 55 56 57 58 59 60 61 62 63 64 65 66 67 68 69 70 71 72 73 74 75 76 77 78 79 80 81 82 83 84 85 86 87 88 89 90 91 92 93 94 95 96 97 98 99 100 101 102 103
CX 131 20
DEPOLARIZE2(0.001) 131 20
CX 137 12
DEPOLARIZE2(0.001) 137 12
CX 130 24
DEPOLARIZE2(0.001) 130 24
DEPOLARIZE1(0.0001) 0 1 2 3 4 5 6 7 8 9 10 11 13 14 15 16 17 18 19 21 22 23 25 26 27 28 29 30 31 32 33 34 35 36 37 38 39 40 41 42 43 44 45 46 47 48 49 50 51 52 53 54 55 56 57 58 59 60 61 62 63 64 65 66 67 68 69 70 71 72 73 74 75 76 77 78 79 80 81 82 83 84 85 86 87 88 89 90 91 92 93 94 95 96 97 98 99 100 101 102 103
CX 131 80
DEPOLARIZE2(0.001) 131 80
CX 137 40
DEPOLARIZE2(0.001) 137 40
DEPOLARIZE1(0.0001) 0 1 2 3 4 5 6 7 8 9 10 11 12 13 14 15 16 17 18 19 20 21 22 23 24 25 26 27 28 29 30 31 32 33 34 35 36 37 38 39 41 42 43 44 45 46 47 48 49 50 51 52 53 54 55 56 57 58 59 60 61 62 63 64 65 66 67 68 69 70 71 72 73 74 75 76 77 78 79 81 82 83 84 85 86 87 88 89 90 91 92 93 94 95 96 97 98 99 100 101 102 103
CX 130 1
DEPOLARIZE2(0.001) 130 1
CX 137 14
DEPOLARIZE2(0.001) 137 14
CX 131 2
DEPOLARIZE2(0.001) 131 2
DEPOLARIZE1(0.0001) 0 3 4 5 6 7 8 9 10 11 12 13 15 16 17 18 19 20 21 22 23 24 25 26 27 28 29 30 31 32 33 34 35 36 37 38 39 40 41 42 43 44 45 46 47 48 49 50 51 52 53 54 55 56 57 58 59 60 61 62 63 64 65 66 67 68 69 70 71 72 73 74 75 76 77 78 79 80 81 82 83 84 85 86 87 88 89 90 91 92 93 94 95 96 97 98 99 100 101 102 103
CX 131 21
DEPOLARIZE2(0.001) 131 21
CX 130 13
DEPOLARIZE2(0.001) 130 13
CX 137 2
DEPOLARIZE2(0.001) 137 2
DEPOLARIZE1(0.0001) 0 1 3 4 5 6 7 8 9 10 11 12 14 15 16 17 18 19 20 22 23 24 25 26 27 28 29 30 31 32 33 34 35 36 37 38 39 40 41 42 43 44 45 46 47 48 49 50 51 52 53 54 55 56 57 58 59 60 61 62 63 64 65 66 67 68 69 70 71 72 73 74 75 76 77 78 79 80 81 82 83 84 85 86 87 88 89 90 91 92 93 94 95 96 97 98 99 100 101 102 103
CX 130 22
DEPOLARIZE2(0.001) 130 22
CX 137 42
DEPOLARIZE2(0.001) 137 42
CX 131 13
DEPOLARIZE2(0.001) 131 13
DEPOLARIZE1(0.0001) 0 1 2 3 4 5 6 7 8 9 10 11 12 14 15 16 17 18 19 20 21 23 24 25 26 27 28 29 30 31 32 33 34 35 36 37 38 39 40 41 43 44 45 46 47 48 49 50 51 52 53 54 55 56 57 58 59 60 61 62 63 64 65 66 67 68 69 70 71 72 73 74 75 76 77 78 79 80 81 82 83 84 85 86 87 88 89 90 91 92 93 94 95 96 97 98 99 100 101 102 103
CX 137 46
DEPOLARIZE2(0.001) 137 46
CX 130 26
DEPOLARIZE2(0.001) 130 26
CX 131 42
DEPOLARIZE2(0.001) 131 42
DEPOLARIZE1(0.0001) 0 1 2 3 4 5 6 7 8 9 10 11 12 13 14 15 16 17 18 19 20 21 22 23 24 25 27 28 29 30 31 32 33 34 35 36 37 38 39 40 41 43 44 45 47 48 49 50 51 52 53 54 55 56 57 58 59 60 61 62 63 64 65 66 67 68 69 70 71 72 73 74 75 76 77 78 79 80 81 82 83 84 85 86 87 88 89 90 91 92 93 94 95 96 97 98 99 100 101 102 103
CX 137 82
DEPOLARIZE2(0.001) 137 82
CX 131 81
DEPOLARIZE2(0.001) 131 81
DEPOLARIZE1(0.0001) 0 1 2 3 4 5 6 7 8 9 10 11 12 13 14 15 16 17 18 19 20 21 22 23 24 25 26 27 28 29 30 31 32 33 34 35 36 37 38 39 40 41 42 43 44 45 46 47 48 49 50 51 52 53 54 55 56 57 58 59 60 61 62 63 64 65 66 67 68 69 70 71 72 73 74 75 76 77 78 79 80 83 84 85 86 87 88 89 90 91 92 93 94 95 96 97 98 99 100 101 102 103
H 130 131 137
DEPOLARIZE1(0.0001) 130 131 137
X_ERROR(0.001) 130 131 137
MR 130 131 137
X_ERROR(0.001) 130 131 137
M 0 1 2 3 4 5 6 7 8 9 10 11 12 13 14 15 16 17 18 19 20 21 22 23 24 25 26 27 28 29 30 31 32 33 34 35 36 37 38 39 40 41 42 43 44 45 46 47 48 49 50 51 52 53 54 55 56 57 58 59 60 61 62 63 64 65 66 67 68 69 70 71 72 73 74 75 76 77 78 79 80 81 82 83 84 85 86 87 88 89 90 91 92 93 94 95 96 97 98 99 100 101 102 103